27.192	-0.000475169
27.196	0.034211123
27.2	0.013347232
27.204	-0.046282733
27.208	-0.024411323
27.212	0.04020724
27.216	0.020602952
27.22	-0.018521091
27.224	-0.005002174
27.228	-0.004346924
27.232	-0.009487098
27.236	0.006274826
27.24	0.021506721
27.244	0.00421739
27.248	-0.015252541
27.252	-0.013783813
27.256	-0.005430984
27.26	0.017876103
27.264	0.007682548
27.268	-0.010533814
27.272	0.012440001
27.276	-0.003038847
27.28	-0.022257863
27.284	-0.002376092
27.288	0.017441691
27.292	0.018990749
27.296	0.003633188
27.3	-0.03015796
27.304	-0.026420939
27.308	0.017724465
27.312	0.024215295
27.316	0.011287313
27.32	0.00132271
27.324	-0.016209179
27.328	-0.025048886
27.332	-0.000247967
27.336	0.013392531
27.34	0.006123135
27.344	0.028795713
27.348	-0.009497888
27.352	-0.045210642
27.356	-0.002117369
27.36	0.053658846
27.364	0.040984731
27.368	-0.101700574
27.372	-0.070013713
27.376	0.136324152
27.38	0.074449697
27.384	-0.112368094
27.388	-0.061909505
27.392	0.065548306
27.396	0.070466031
27.4	-0.079623931
27.404	-0.082570437
27.408	0.116413225
27.412	0.087161877
27.416	-0.099687973
27.42	-0.093130945
27.424	0.049002008
27.428	0.069114622
27.432	-0.004760481
27.436	-0.016200854
27.44	-0.009204537
27.444	-0.027805622
27.448	-0.000832738
27.452	0.035108446
27.456	0.022221078
27.46	-0.020183075
27.464	-0.052617923
27.468	0.010078974
27.472	0.063952636
27.476	0.016386616
27.48	-0.04850446
27.484	-0.046964524
27.488	0.021666993
27.492	0.047627452
27.496	-0.00619035
27.5	-0.030661744
27.504	0.00519643
27.508	0.02819786
27.512	-0.007288243
27.516	-0.025798002
27.52	-0.00910511
27.524	0.02556373
27.528	0.026479655
27.532	-0.03174364
27.536	-0.035076227
27.54	0.031107231
27.544	0.037400862
27.548	-0.010456988
27.552	-0.03025918
27.556	-0.007684536
27.56	0.012834898
27.564	0.005387604
27.568	-0.004772339
27.572	-0.000222174
27.576	0.010611692
27.58	0.011862333
27.584	-0.003378706
27.588	-0.030339387
27.592	-0.018465838
27.596	0.024705161
27.6	0.037302925
27.604	-0.006830354
27.608	-0.035703596
27.612	0.000669262
27.616	0.02047327
27.62	-0.001645676
27.624	-0.013924297
27.628	0.003530331
27.632	0.02084116
27.636	-0.011889035
27.64	-0.033019149
27.644	0.012279712
27.648	0.059866686
27.652	0.019258929
27.656	-0.110105993
27.66	-0.078459778
27.664	0.165450329
27.668	0.112116775
27.672	-0.173949778
27.676	-0.076853104
27.68	0.098205132
27.684	0.026918954
27.688	-0.013994019
27.692	-0.001722437
27.696	-0.019444167
27.7	-0.004471219
27.704	0.017747185
27.708	0.01804223
27.712	-0.01349377
27.716	-0.0361561
27.72	0.002313976
27.724	0.039845303
27.728	0.012600667
27.732	-0.021859197
27.736	-0.015474001
27.74	0.003508823
27.744	0.006158659
27.748	-0.005785434
27.752	0.000792177
27.756	0.014726534
27.76	0.011478201
27.764	-0.018146869
27.768	-0.030721558
27.772	0.015713114
27.776	0.033958996
27.78	-0.005624913
27.784	-0.015744548
27.788	-0.015106377
27.792	-0.003714523
27.796	0.015227289
27.8	0.021080481
27.804	0.013996431
27.808	-0.025154215
27.812	-0.043380714
27.816	0.00920757
27.82	0.040995101
27.824	0.022107367
27.828	-0.019217833
27.832	-0.043503325
27.836	-0.009046946
27.84	0.05007888
27.844	0.027531282
27.848	-0.036049551
27.852	-0.037625472
27.856	0.021136796
27.86	0.027101119
27.864	-0.008928106
27.868	-0.00250868
27.872	-0.008322377
27.876	-0.011093549
27.88	0.014071675
27.884	0.018727276
27.888	-0.010614121
27.892	-0.029540085
27.896	0.019937652
27.9	0.023617341
27.904	-0.01239405
27.908	-0.012936835
27.912	-0.023362726
27.916	0.006511632
27.92	0.046212406
27.924	0.014018429
27.928	-0.036792592
27.932	-0.032121226
27.936	0.006475496
27.94	0.028283108
27.944	0.019621441
27.948	-0.01688865
27.952	-0.021356605
27.956	0.006565436
27.96	0.007294905
27.964	0.00729611
27.968	0.000121014
27.972	-0.010934391
27.976	-0.006398298
27.98	0.009210533
27.984	0.004915815
27.988	-0.006230003
27.992	0.004825881
27.996	0.010354949
28	-0.012271649
28.004	-0.029133679
28.008	0.012293992
28.012	0.041631022
28.016	0.001656048
28.02	-0.017689449
28.024	-0.035445707
28.028	-0.017646999
28.032	0.044594924
28.036	0.042843559
28.04	-0.018132849
28.044	-0.046124653
28.048	-0.002781989
28.052	0.020093216
28.056	-0.005215675
28.06	0.002311724
28.064	0.038952566
28.068	0.018297327
28.072	-0.077081782
28.076	-0.063910584
28.08	0.084508268
28.084	0.082823049
28.088	-0.061043734
28.092	-0.054759138
28.096	0.038550011
28.1	0.033700712
28.104	-0.056458982
28.108	-0.034497799
28.112	0.07446655
28.116	0.045192136
28.12	-0.065392647
28.124	-0.043653453
28.128	0.051092353
28.132	0.016555868
28.136	-0.042628505
28.14	0.010844712
28.144	0.040802995
28.148	-0.009609676
28.152	-0.043618089
28.156	-0.006524367
28.16	0.026453319
28.164	0.011233603
28.168	0.004778107
28.172	0.009240567
28.176	-0.008701954
28.18	-0.042306411
28.184	-0.012829372
28.188	0.039571376
28.192	0.041644427
28.196	-0.00260113
28.2	-0.054812126
28.204	-0.028527569
28.208	0.031817296
28.212	0.045813557
28.216	0.003031239
28.22	-0.043955726
28.224	-0.018130287
28.228	0.021184036
28.232	0.013074181
28.236	-0.006034122
28.24	0.002863572
28.244	0.010355241
28.248	-0.009171327
28.252	-0.025111078
28.256	0.003591458
28.26	0.023832162
28.264	0.010223187
28.268	-0.009041212
28.272	-0.007480698
28.276	-0.00882427
28.28	-0.013765201
28.284	0.014420446
28.288	0.031465547
28.292	-0.004726097
28.296	-0.03205274
28.3	-0.005183597
28.304	0.022331571
28.308	0.004970411
28.312	-0.006662335
28.316	-0.003045351
28.32	-0.014241728
28.324	0.001578347
28.328	0.02976659
28.332	0.011462773
28.336	-0.035248213
28.34	-0.02813971
28.344	0.016948706
28.348	0.066921525
28.352	0.021572274
28.356	-0.141631014
28.36	-0.073354243
28.364	0.205223999
28.368	0.126494843
28.372	-0.204356618
28.376	-0.116495297
28.38	0.108903535
28.384	0.070705914
28.388	-0.018595903
28.392	-0.036141754
28.396	0.001885926
28.4	0.021340348
28.404	-0.006577762
28.408	-0.031483981
28.412	0.010806111
28.416	0.029427541
28.42	-0.013436818
28.424	-0.015682342
28.428	0.028538885
28.432	0.000816721
28.436	-0.040379967
28.44	0.011611039
28.444	0.016943958
28.448	0.003310865
28.452	0.00441596
28.456	-0.025325989
28.46	-0.005053543
28.464	0.034340824
28.468	-0.000468556
28.472	-0.029358133
28.476	0.004630281
28.48	0.010802247
28.484	0.001184704
28.488	-0.000298175
28.492	-0.00870141
28.496	0.00038603
28.5	0.010687839
28.504	0.008842184
28.508	-0.008316454
28.512	-0.02963533
28.516	0.00140424
28.52	0.042292422
28.524	0.014482439
28.528	-0.042466238
28.532	-0.030567125
28.536	0.036088007
28.54	0.033675799
28.544	-0.019041616
28.548	-0.028033152
28.552	-0.00171577
28.556	0.014118506
28.56	0.02064264
28.564	-0.008804919
28.568	-0.027172039
28.572	0.028208732
28.576	0.009269104
28.58	-0.041987367
28.584	0.001987592
28.588	0.035756237
28.592	0.015192905
28.596	-0.028639215
28.6	-0.035301235
28.604	0.02123484
28.608	0.040552966
28.612	-0.01243439
28.616	-0.024463923
28.62	-0.001943669
28.624	0.011135837
28.628	0.003457859
28.632	-0.002062475
28.636	-0.003554565
28.64	-0.007823814
28.644	0.020773414
28.648	0.008610867
28.652	-0.023221223
28.656	-0.016885593
28.66	0.007736307
28.664	0.02596547
28.668	0.005972567
28.672	-0.027415757
28.676	0.001036385
28.68	0.017008006
28.684	-0.013016843
28.688	-0.007025413
28.692	0.015802873
28.696	0.005010292
28.7	-0.010706972
28.704	-0.004344341
28.708	-0.011883545
28.712	0.015077504
28.716	0.031922936
28.72	-0.016372406
28.724	-0.040184162
28.728	0.003649929
28.732	0.032398926
28.736	0.006490453
28.74	-0.016153799
28.744	0.00140756
28.748	0.004309176
28.752	-0.026446814
28.756	-0.012609256
28.76	0.059308657
28.764	0.063714576
28.768	-0.103018634
28.772	-0.123490406
28.776	0.119322099
28.78	0.141080341
28.784	-0.081171349
28.788	-0.108883368
28.792	0.024701639
28.796	0.072218232
28.8	-0.008408368
28.804	-0.061207395
28.808	0.041636887
28.812	0.050352146
28.816	-0.065275017
28.82	-0.038893699
28.824	0.057377333
28.828	0.026930951
28.832	-0.033671184
28.836	-0.014092539
28.84	0.022773601
28.844	0.005840535
28.848	-0.026409646
28.852	-0.013527359
28.856	0.020278009
28.86	0.039731917
28.864	-0.016262657
28.868	-0.042517096
28.872	0.027834359
28.876	-0.015635842
28.88	0.001452772
28.884	0.041602912
28.888	-0.02774603
28.892	0.004704961
28.896	-0.035363681
28.9	-0.007225212
28.904	0.074101226
28.908	0.004646589
28.912	-0.058121938
28.916	-0.048746691
28.92	0.083262035
28.924	0.033561575
28.928	-0.096361951
28.932	0.036759934
28.936	0.037982382
28.94	-0.064141191
28.944	0.0396625
28.948	0.006855646
28.952	-0.022221017
28.956	0.008545753
28.96	-0.010695888
28.964	0.020968964
28.968	0.002122794
28.972	-0.024073647
28.976	-0.006452874
28.98	0.016568175
28.984	0.013866957
28.988	-0.015191932
28.992	0.022163857
28.996	-0.016100796
29	-0.036273507
29.004	0.043038496
29.008	-0.014653326
29.012	-0.002204916
29.016	0.02009534
29.02	-0.002162109
29.024	-0.012739457
29.028	-0.027138768
29.032	0.024333294
29.036	0.04463954
29.04	-0.024798627
29.044	-0.070844653
29.048	0.014558363
29.052	0.093696808
29.056	0.016694312
29.06	-0.068434494
29.064	-0.135988036
29.068	0.075966782
29.072	0.23442294
29.076	-0.100418935
29.08	-0.207363894
29.084	0.059182618
29.088	0.140600216
29.092	-0.029841271
29.096	-0.087415128
29.1	0.063571141
29.104	0.030322295
29.108	-0.067046695
29.112	-0.009576091
29.116	0.02798462
29.12	0.018672279
29.124	0.007839571
29.128	-0.02948031
29.132	-0.012249775
29.136	0.029338916
29.14	-0.007432483
29.144	-0.019185216
29.148	0.026546981
29.152	0.015030664
29.156	-0.029081498
29.16	-0.026702367
29.164	0.018580097
29.168	0.034385268
29.172	-0.005733968
29.176	-0.013931085
29.18	-0.018325643
29.184	-0.008979154
29.188	0.049245144
29.192	-0.001757481
29.196	-0.048958509
29.2	0.023501853
29.204	0.004312196
29.208	-0.01548894
29.212	0.038313508
29.216	-0.018757934
29.22	-0.015731301
29.224	0.014964978
29.228	-0.014467837
29.232	-0.001007547
29.236	0.014949324
29.24	0.003480365
29.244	-0.001122898
29.248	-0.009304471
29.252	-0.004434576
29.256	0.01087288
29.26	-0.001255314
29.264	-0.015134747
29.268	0.012862809
29.272	0.015283181
29.276	-0.008082104
29.28	-0.0230239
29.284	-0.003734015
29.288	0.028293422
29.292	0.006640952
29.296	-0.010406189
29.3	-0.004007073
29.304	-0.009219835
29.308	-0.008161967
29.312	0.01016621
29.316	0.022110409
29.32	0.000455869
29.324	-0.026553026
29.328	-0.003655187
29.332	0.016932167
29.336	0.007469513
29.34	-0.008112308
29.344	-0.013718502
29.348	0.000373067
29.352	0.007351512
29.356	0.022916496
29.36	-0.008839552
29.364	-0.021469729
29.368	0.003684346
29.372	0.000976587
29.376	0.012448986
29.38	0.000461641
29.384	-0.012137737
29.388	-0.00232897
29.392	0.005207478
29.396	0.01581688
29.4	-0.003303836
29.404	-0.016167967
29.408	-0.009062669
29.412	0.007521079
29.416	0.018295418
29.42	7.46068E-05
29.424	-0.014759367
29.428	-0.001817348
29.432	0.008222897
29.436	-0.000164788
29.44	-0.006397763
29.444	0.000169598
29.448	0.00901734
29.452	-0.003523047
29.456	-0.010695309
29.46	-0.001697794
29.464	0.037121798
29.468	0.022838158
29.472	-0.106599564
29.476	-0.025448077
29.48	0.142066301
29.484	0.025761287
29.488	-0.114650641
29.492	-0.028636442
29.496	0.065629346
29.5	0.029780558
29.504	-0.050564407
29.508	-0.028070552
29.512	0.071456727
29.516	0.024724028
29.52	-0.079834021
29.524	-0.029595507
29.528	0.059265367
29.532	0.024242059
29.536	-0.023104057
29.54	-0.001166007
29.544	-6.73053E-05
29.548	-0.0186981
29.552	0.001269594
29.556	0.014212385
29.56	0.003128516
29.564	0.000922066
29.568	0.006810136
29.572	-0.011675356
29.576	-0.019158841
29.58	0.013366242
29.584	0.016761993
29.588	-0.00026611
29.592	-0.007009961
29.596	-0.0149731
29.6	-0.016978818
29.604	0.037107272
29.608	0.032452767
29.612	-0.045148464
29.616	-0.027274745
29.62	0.020714293
29.624	0.017552903
29.628	0.003676719
29.632	-0.002608958
29.636	-0.003883094
29.64	-0.008934764
29.644	-0.005609905
29.648	-0.00416223
29.652	0.004625274
29.656	0.025922232
29.66	0.012322937
29.664	-0.031991632
29.668	-0.020105142
29.672	0.02222131
29.676	0.008471016
29.68	-0.013735798
29.684	-0.005319163
29.688	0.023882509
29.692	0.006403051
29.696	-0.017360854
29.7	-0.018273527
29.704	-0.003153786
29.708	0.033202898
29.712	0.012332527
29.716	-0.033815233
29.72	-0.014124979
29.724	0.021802788
29.728	0.01755117
29.732	-0.001479683
29.736	-0.028714107
29.74	-0.006850328
29.744	0.030378282
29.748	-0.002714738
29.752	-0.021958281
29.756	0.016698302
29.76	0.044559384
29.764	-0.018182567
29.768	-0.131392203
29.772	-0.007955854
29.776	0.254459595
29.78	0.039607746
29.784	-0.312974568
29.788	-0.04044566
29.792	0.232113195
29.796	0.036426012
29.8	-0.103218337
29.804	-0.029240736
29.808	0.027714074
29.812	0.003253144
29.816	0.000360998
29.82	0.024279071
29.824	-0.016704521
29.828	-0.025728533
29.832	0.012477218
29.836	0.022786135
29.84	0.002198001
29.844	-0.027903225
29.848	-0.014175394
29.852	0.024693816
29.856	0.032459616
29.86	-0.008420164
29.864	-0.046124676
29.868	-0.014412909
29.872	0.032014278
29.876	0.036353423
29.88	0.000774912
29.884	-0.044969761
29.888	-0.02243935
29.892	0.027385001
29.896	0.032419226
29.9	-0.002869998
29.904	-0.036930041
29.908	-0.000415658
29.912	0.020568779
29.916	0.003097877
29.92	-0.001226757
29.924	-0.007742356
29.928	-0.009114317
29.932	0.001445328
29.936	0.006606805
29.94	0.020164668
29.944	0.004266188
29.948	-0.030308155
29.952	-0.022310793
29.956	0.014540216
29.96	0.040619549
29.964	0.005995296
29.968	-0.04449266
29.972	-0.015139325
29.976	0.031930191
29.98	0.017670613
29.984	-0.013401931
29.988	-0.016915739
29.992	-0.001991097
29.996	0.015383994
30	-0.003315954
30.004	-0.003703777
30.008	0.014507491
30.012	-0.004686944
30.016	-0.012720981
30.02	-0.002121854
30.024	0.007296527
30.028	0.00709129
30.032	-0.007466221
30.036	-0.004839719
30.04	0.012159723
30.044	0.003417469
30.048	-0.012509161
30.052	0.001557018
30.056	0.000569109
30.06	-0.020104436
30.064	0.018912024
30.068	0.040283472
30.072	-0.023740394
30.076	-0.045556077
30.08	0.00837454
30.084	0.029151183
30.088	0.010876941
30.092	0.001063586
30.096	-0.014842381
30.1	-0.027255663
30.104	-0.007012107
30.108	0.036776831
30.112	0.041308422
30.116	-0.030818007
30.12	-0.043996915
30.124	0.00012119
30.128	0.019589942
30.132	0.027654369
30.136	0.001744996
30.14	-0.020119111
30.144	-0.01704862
30.148	-0.000202922
30.152	0.026324088
30.156	0.010779786
30.16	-0.026419051
30.164	-0.023543072
30.168	0.022478552
30.172	0.025042606
30.176	-0.001250667
30.18	0.021088278
30.184	-0.056247624
30.188	-0.084676886
30.192	0.103022745
30.196	0.10953349
30.2	-0.086309362
30.204	-0.099245377
30.208	0.038383903
30.212	0.08595237
30.216	0.000716691
30.22	-0.101555638
30.224	-0.007814967
30.228	0.107003337
30.232	0.005439354
30.236	-0.070919094
30.24	-0.009074499
30.244	0.020876983
30.248	-0.001718609
30.252	0.014182429
30.256	0.018933552
30.26	-0.018574436
30.264	-0.017279947
30.268	0.003633898
30.272	0.002131711
30.276	-0.006041141
30.28	0.008149578
30.284	0.024836411
30.288	-0.000316419
30.292	-0.03099863
30.296	-0.015475191
30.3	0.017216556
30.304	0.021123702
30.308	0.000950862
30.312	-0.018668348
30.316	-0.009323286
30.32	0.016144326
30.324	0.002810823
30.328	0.000918027
30.332	-0.003575184
30.336	-0.020199977
30.34	0.009537092
30.344	0.019780616
30.348	-0.000867784
30.352	-0.008717982
30.356	-0.004219662
30.36	-0.00396756
30.364	-0.012629604
30.368	0.013076434
30.372	0.033664578
30.376	-0.008234137
30.38	-0.041038162
30.384	-0.003532365
30.388	0.028361283
30.392	0.019037974
30.396	-0.007911304
30.4	-0.027717476
30.404	-0.008217642
30.408	0.009643877
30.412	0.024777225
30.416	0.013557432
30.42	-0.023438683
30.424	-0.025680675
30.428	0.013516166
30.432	0.021939629
30.436	-0.009817984
30.44	-0.017711579
30.444	0.014636681
30.448	0.010500727
30.452	-0.007977452
30.456	-0.000492699
30.46	-0.015962495
30.464	-0.003991075
30.468	0.048294931
30.472	0.024880469
30.476	-0.112532702
30.48	-0.058586234
30.484	0.173703193
30.488	0.1039576
30.492	-0.195269914
30.496	-0.095142167
30.5	0.118687624
30.504	0.056908097
30.508	-0.013561432
30.512	-0.041915887
30.516	-0.011375558
30.52	0.034959523
30.524	-0.003413702
30.528	-0.034073738
30.532	-0.004054127
30.536	0.026301183
30.54	0.029925695
30.544	-0.00466242
30.548	-0.037835495
30.552	-0.011737425
30.556	0.03064705
30.56	-0.005691105
30.564	-0.015155172
30.568	0.017900432
30.572	0.010143009
30.576	-0.00655412
30.58	-0.007455335
30.584	-0.002177283
30.588	-0.003161187
30.592	-0.008019028
30.596	0.00536311
30.6	0.027189948
30.604	0.000790901
30.608	-0.029353232
30.612	0.000471722
30.616	0.006726213
30.62	-0.007935012
30.624	0.021420002
30.628	0.008065528
30.632	-0.032122979
30.636	-0.01272374
30.64	0.039203059
30.644	0.017511019
30.648	-0.037448266
30.652	-0.020704769
30.656	0.020068961
30.66	0.023044139
30.664	-0.000686886
30.668	-0.023667505
30.672	-0.005042613
30.676	0.013036989
30.68	0.010624285
30.684	0.005396733
30.688	-0.020379775
30.692	-0.013138088
30.696	0.009449314
30.7	0.002451506
30.704	0.024268788
30.708	0.006114836
30.712	-0.02184211
30.716	-0.022482954
30.72	-0.000697154
30.724	0.017590447
30.728	0.004297951
30.732	0.021587748
30.736	0.001502233
30.74	-0.037788121
30.744	-0.013653856
30.748	0.020058228
30.752	0.017851756
30.756	0.0059483
30.76	-0.013309021
30.764	-0.016197723
30.768	0.00130832
30.772	0.01330544
30.776	0.019035413
30.78	-0.01604864
30.784	-0.024595596
30.788	0.013786377
30.792	0.011098163
30.796	-0.002174896
30.8	0.004714829
30.804	-0.004314947
30.808	-0.012657684
30.812	0.006703429
30.816	0.000963453
30.82	-0.006181652
30.824	0.020357077
30.828	0.004112288
30.832	-0.023097998
30.836	-0.003842139
30.84	-0.000262093
30.844	0.000576106
30.848	0.020776561
30.852	0.017973664
30.856	-0.017372543
30.86	-0.041372681
30.864	0.00104333
30.868	0.040778479
30.872	0.014036141
30.876	-0.01372115
30.88	-0.036081325
30.884	-0.010690985
30.888	0.073373013
30.892	0.013271169
30.896	-0.078349868
30.9	-0.040321263
30.904	0.049866028
30.908	0.060105394
30.912	-0.004520671
30.916	-0.021483313
30.92	-0.020008078
30.924	-0.050758572
30.928	0.003417406
30.932	0.084114337
30.936	0.022357334
30.94	-0.049854894
30.944	-0.033375849
30.948	0.008316834
30.952	0.027500545
30.956	-0.008369403
30.96	-0.018971174
30.964	0.026822536
30.968	0.020625831
30.972	-0.020204712
30.976	-0.027567962
30.98	-0.007429846
30.984	0.011168007
30.988	0.036373517
30.992	0.016524439
30.996	-0.046419451
31	-0.022752801
31.004	0.037056526
31.008	0.010014056
31.012	-0.024003709
31.016	-0.001190004
31.02	0.00735188
31.024	0.007736965
31.028	0.009159974
31.032	-0.013291821
31.036	-0.015989805
31.04	0.004362473
31.044	0.022967833
31.048	0.003332451
31.052	-0.03668793
31.056	-0.001084337
31.06	0.040443178
31.064	0.006552681
31.068	-0.029866476
31.072	-0.019750594
31.076	0.016309591
31.08	0.024092859
31.084	-0.009485504
31.088	-0.006327252
31.092	-0.001384877
31.096	-0.023578711
31.1	0.017974921
31.104	0.041029028
31.108	-0.01608331
31.112	-0.034538849
31.116	-0.005888495
31.12	0.006650818
31.124	0.023435776
31.128	0.022550336
31.132	-0.023891684
31.136	-0.025534682
31.14	0.000135134
31.144	0.021455527
31.148	0.021115818
31.152	-0.017070424
31.156	-0.019670262
31.16	-0.00367172
31.164	0.002960873
31.168	0.027420773
31.172	0.006495228
31.176	-0.011764182
31.18	0.016547102
31.184	-0.041849352
31.188	-0.089918643
31.192	0.08963882
31.196	0.17282568
31.2	-0.10225383
31.204	-0.180412338
31.208	0.058278164
31.212	0.13785214
31.216	-0.007173058
31.22	-0.095880842
31.224	-0.008930917
31.228	0.055592153
31.232	0.001988946
31.236	-0.014637484
31.24	0.01137052
31.244	-0.014940347
31.248	-0.018611445
31.252	0.019147759
31.256	0.022267399
31.26	-0.010191243
31.264	-0.028685202
31.268	0.008687749
31.272	0.03069333
31.276	-0.011799658
31.28	-0.020964819
31.284	0.007786946
31.288	0.003483351
31.292	-0.004345488
31.296	0.01928878
31.3	0.007624155
31.304	-0.033750411
31.308	-0.013994747
31.312	0.023238244
31.316	0.023604503
31.32	-0.003146834
31.324	-0.02799621
31.328	-0.009816379
31.332	0.022942035
31.336	0.019441995
31.34	-0.015749055
31.344	-0.028887436
31.348	0.013635872
31.352	0.026130304
31.356	-0.004740313
31.36	-0.01939071
31.364	-0.007382028
31.368	0.013996003
31.372	0.011871267
31.376	1.67151E-05
31.38	-0.016106633
31.384	-0.014216602
31.388	0.020855365
31.392	0.016855781
31.396	-0.022199173
31.4	-0.0063871
31.404	0.011403023
31.408	0.003421068
31.412	-0.003502817
31.416	-0.002244698
31.42	0.003830835
31.424	-0.005666404
31.428	-0.007782447
31.432	0.008232137
31.436	0.013466818
31.44	-0.001488043
31.444	-0.006279543
31.448	-0.012931543
31.452	-0.008258948
31.456	0.019101889
31.46	0.016585926
31.464	-0.009308223
31.468	-0.015646453
31.472	-0.002680223
31.476	-0.000274177
31.48	0.011834149
31.484	0.018699917
31.488	-0.012897056
31.492	-0.015212467
31.496	-0.005790282
31.5	0.004624477
31.504	0.020127481
31.508	-0.006167863
31.512	-0.007417604
31.516	0.002358982
31.52	-0.003868133
31.524	0.012792046
31.528	-0.011459485
31.532	-0.012337758
31.536	0.027000105
31.54	0.000346015
31.544	-0.023829169
31.548	-0.004340427
31.552	0.012626426
31.556	0.017373623
31.56	0.004102286
31.564	-0.021572493
31.568	-0.017754986
31.572	0.016465095
31.576	0.015960358
31.58	-0.006972704
31.584	-0.011916791
31.588	0.000152952
31.592	0.006962632
31.596	0.016039517
31.6	0.021746243
31.604	-0.071188482
31.608	-0.048828191
31.612	0.10915217
31.616	0.079878182
31.62	-0.102391364
31.624	-0.093220853
31.628	0.056791982
31.632	0.089188252
31.636	-0.028995833
31.64	-0.075202379
31.644	0.040013439
31.648	0.062891614
31.652	-0.051217711
31.656	-0.060036799
31.66	0.046872049
31.664	0.037357054
31.668	-0.026752502
31.672	-0.004577305
31.676	0.009281354
31.68	-0.004793047
31.684	-0.003345698
31.688	-0.011509044
31.692	-0.001238344
31.696	0.029703732
31.7	0.013398619
31.704	-0.030237245
31.708	-0.032032327
31.712	0.012209711
31.716	0.042109757
31.72	0.012689476
31.724	-0.032900427
31.728	-0.021491313
31.732	0.008377471
31.736	0.014400109
31.74	0.001804182
31.744	-6.1128E-05
31.748	0.001548095
31.752	0.001313968
31.756	-0.010176192
31.76	-0.012497825
31.764	0.001579542
31.768	0.024881123
31.772	0.023909242
31.776	-0.02324079
31.78	-0.046448957
31.784	0.000187679
31.788	0.051656954
31.792	0.016559818
31.796	-0.020052029
31.8	-0.021975869
31.804	-0.018903912
31.808	0.019403639
31.812	0.020772771
31.816	-0.002034602
31.82	-0.000396025
31.824	-0.00896877
31.828	-0.00883135
31.832	0.003359337
31.836	-0.006558522
31.84	0.008558352
31.844	0.014627325
31.848	-0.001618117
31.852	-0.002434973
31.856	-0.016360301
31.86	-0.00366998
31.864	0.010531038
31.868	0.000880841
31.872	-0.004575168
31.876	0.016132943
31.88	0.007444663
31.884	-0.02646617
31.888	-0.024624564
31.892	0.036822961
31.896	0.057122254
31.9	-0.029693533
31.904	-0.143113096
31.908	-0.008151488
31.912	0.252200121
31.916	0.065366473
31.92	-0.284545218
31.924	-0.081320504
31.928	0.173445812
31.932	0.062510214
31.936	-0.039380912
31.94	-0.025123506
31.944	-0.011728567
31.948	-0.0015917
31.952	0.002035568
31.956	-0.003421485
31.96	0.007371928
31.964	0.020019459
31.968	0.002753997
31.972	-0.016783988
31.976	-0.018094598
31.98	0.000716489
31.984	0.021352462
31.988	0.000106169
31.992	-0.010755366
31.996	0.012478062
32	6.56135E-05
32.004	-0.017619569
32.008	0.00171998
32.012	0.011673435
32.016	0.004897962
32.02	-0.006083122
32.024	-0.010829982
32.028	-0.002919911
32.032	0.011148426
32.036	0.01623123
32.04	-0.003701085
32.044	-0.020798648
32.048	-0.004677818
32.052	0.010268914
32.056	-0.003791906
32.06	0.010680526
32.064	0.025509333
32.068	-0.019060991
32.072	-0.036651841
32.076	0.001364241
32.08	0.022791982
32.084	0.019934215
32.088	-0.002730866
32.092	-0.014688174
32.096	-0.002418222
32.1	0.004392763
32.104	-0.012566979
32.108	-0.011140554
32.112	0.02514108
32.116	0.008229813
32.12	-0.005071567
32.124	0.01115607
32.128	-0.017562038
32.132	-0.034471899
32.136	0.0167664
32.14	0.043373778
32.144	-0.016587418
32.148	-0.020908685
32.152	0.018748418
32.156	-0.004381404
32.16	-0.01406905
32.164	0.009931335
32.168	0.002955345
32.172	-0.002537305
32.176	-0.000332772
32.18	0.003524179
32.184	0.003558954
32.188	-0.01301789
32.192	-0.004640102
32.196	0.015751551
32.2	0.009735598
32.204	-0.009426815
32.208	-0.011217754
32.212	-0.002445422
32.216	0.003358179
32.22	0.000328352
32.224	0.018283462
32.228	0.006143019
32.232	-0.023070795
32.236	-0.013669889
32.24	0.008932274
32.244	0.016131257
32.248	0.006540788
32.252	-0.019152362
32.256	-0.013688598
32.26	0.024808099
32.264	0.018101444
32.268	-0.021097788
32.272	-0.012581693
32.276	-0.001714175
32.28	-0.014583046
32.284	0.023566391
32.288	0.046496461
32.292	-0.022728054
32.296	-0.042345044
32.3	0.000297929
32.304	-0.007483498
32.308	0.045273713
32.312	0.065706774
32.316	-0.114018434
32.32	-0.094566209
32.324	0.158041141
32.328	0.097885669
32.332	-0.126837932
32.336	-0.097402449
32.34	0.049391862
32.344	0.098119835
32.348	0.008997003
32.352	-0.103682489
32.356	-0.008818371
32.36	0.081182076
32.364	0.000791457
32.368	-0.049592532
32.372	0.01162606
32.376	0.013626431
32.38	-0.033055049
32.384	0.01816432
32.388	0.042898943
32.392	-0.021999559
32.396	-0.031985781
32.4	0.002386962
32.404	0.016473955
32.408	0.003256833
32.412	-0.00107574
32.416	0.004958262
32.42	-0.008090629
32.424	-0.006709648
32.428	0.004838878
32.432	0.005546754
32.436	0.003493816
32.44	-0.002655247
32.444	-0.010489547
32.448	-0.012240291
32.452	0.018758254
32.456	0.020963429
32.46	-0.014814536
32.464	-0.013287765
32.468	0.011240489
32.472	-0.007602058
32.476	-0.018896416
32.48	0.013267661
32.484	0.028211648
32.488	0.017187819
32.492	-0.029968471
32.496	-0.053623383
32.5	0.014340664
32.504	0.058420217
32.508	0.007977286
32.512	-0.020722312
32.516	-0.024438036
32.52	-0.021349869
32.524	0.023596477
32.528	0.035853434
32.532	-0.011261715
32.536	-0.023049968
32.54	-0.005959071
32.544	0.002474095
32.548	0.021090196
32.552	0.016728337
32.556	-0.017210055
32.56	-0.033435492
32.564	-0.009787571
32.568	0.029912013
32.572	0.041871809
32.576	-0.005833884
32.58	-0.051418367
32.584	-0.013169978
32.588	0.03742677
32.592	0.011176397
32.596	-0.022435447
32.6	-0.019945267
32.604	0.040034759
32.608	0.069807967
32.612	-0.090241957
32.616	-0.145368593
32.62	0.105561763
32.624	0.245168662
32.628	-0.095567515
32.632	-0.284678521
32.636	0.09381799
32.64	0.166138301
32.644	-0.036936899
32.648	-0.029753035
32.652	-0.018839943
32.656	-0.023853873
32.66	0.026600431
32.664	0.018332806
32.668	-0.008506655
32.672	-0.004273993
32.676	-0.005308028
32.68	-0.004847741
32.684	0.007529986
32.688	0.013016927
32.692	-0.007160984
32.696	-0.006399015
32.7	0.004457059
32.704	-0.009751774
32.708	0.000164004
32.712	0.013742669
32.716	-0.010462254
32.72	-0.000996872
32.724	0.022234242
32.728	-0.000874475
32.732	-0.030698466
32.736	-0.017643527
32.74	0.029678744
32.744	0.029387265
32.748	-0.010823068
32.752	-0.019652311
32.756	-0.005943734
32.76	-0.0089394
32.764	0.001552655
32.768	0.041993212
32.772	0.007873137
32.776	-0.051881795
32.78	-0.015236317
32.784	0.046917915
32.788	0.015685622
32.792	-0.042167737
32.796	-0.007292742
32.8	0.028612484
32.804	0.007792783
32.808	-0.01017924
32.812	-0.016235859
32.816	-0.013263444
32.82	0.026696052
32.824	0.033754862
32.828	-0.029978198
32.832	-0.032682172
32.836	0.01262502
32.84	0.015243441
32.844	0.008330744
32.848	0.008871255
32.852	-0.01419579
32.856	-0.025431836
32.86	0.001065834
32.864	0.021415986
32.868	0.023459715
32.872	-0.005239639
32.876	-0.034339755
32.88	-0.013319132
32.884	0.022152355
32.888	0.027674621
32.892	-0.002639667
32.896	-0.028507091
32.9	-0.014808872
32.904	0.021361297
32.908	0.02220397
32.912	-0.009618364
32.916	-0.025421292
32.92	0.005570442
32.924	0.019290776
32.928	0.004332644
32.932	-0.012774586
32.936	-0.018077227
32.94	0.001270068
32.944	0.02092805
32.948	0.016272721
32.952	-0.012493393
32.956	-0.01912129
32.96	0.008388614
32.964	-0.002710873
32.968	-0.012790623
32.972	0.022713498
32.976	0.021265979
32.98	-0.025431229
32.984	-0.029039763
32.988	0.020002956
32.992	0.033481171
32.996	-0.020032417
33	-0.017397928
33.004	0.005018362
33.008	0.014285244
33.012	0.017839757
33.016	-0.059159503
33.02	-0.020699149
33.024	0.098915949
33.028	0.057972664
33.032	-0.135642936
33.036	-0.105745347
33.04	0.160389049
33.044	0.106242297
33.048	-0.133223372
33.052	-0.080271057
33.056	0.072406367
33.06	0.065117791
33.064	-0.030137325
33.068	-0.063912119
33.072	0.036125861
33.076	0.041747677
33.08	-0.04505224
33.084	-0.02108977
33.088	0.044008871
33.092	0.020330033
33.096	-0.047309041
33.1	-0.01901244
33.104	0.0379465
33.108	0.018402004
33.112	-0.01917864
33.116	-0.010680603
33.12	0.00117807
33.124	-0.006682123
33.128	0.006794551
33.132	0.012019578
33.136	0.002401325
33.14	0.00121216
33.144	-0.001419356
33.148	-0.028887886
33.152	-0.012305778
33.156	0.043353374
33.16	0.027889551
33.164	-0.050894675
33.168	-0.023085713
33.172	0.052003305
33.176	0.005555761
33.18	-0.029458358
33.184	-0.007040725
33.188	0.005636732
33.192	0.012114033
33.196	0.00217388
33.2	-0.008779463
33.204	0.009061122
33.208	0.001291293
33.212	-0.025413115
33.216	-0.008316834
33.22	0.047933707
33.224	0.016937455
33.228	-0.050566314
33.232	-0.015432858
33.236	0.017500387
33.24	0.005753746
33.244	0.016893869
33.248	0.001632754
33.252	-0.004414244
33.256	-0.018049319
33.26	-0.006321125
33.264	0.008509258
33.268	-0.002083406
33.272	0.010398713
33.276	0.013795151
33.28	-0.005531359
33.284	-0.018426126
33.288	-0.008830489
33.292	0.018190184
33.296	0.00616935
33.3	-0.022168792
33.304	0.013353562
33.308	0.01409849
33.312	-0.015129657
33.316	0.030955043
33.32	-0.006783
33.324	-0.126724342
33.328	0.021395202
33.332	0.226969102
33.336	-0.026352982
33.34	-0.211207712
33.344	0.017126844
33.348	0.078826012
33.352	0.010208302
33.356	0.004808272
33.36	-0.003546411
33.364	-0.008905542
33.368	-0.003015308
33.372	-0.011291711
33.376	-0.010039789
33.38	0.014395448
33.384	0.024752896
33.388	-0.015381519
33.392	-0.02580399
33.396	0.033186184
33.4	0.009457056
33.404	-0.037319052
33.408	-0.009203153
33.412	0.02090237
33.416	0.040953212
33.42	-0.003624239
33.424	-0.074332483
33.428	-0.007308989
33.432	0.056480968
33.436	0.039658987
33.44	-0.016237867
33.444	-0.06145004
33.448	-0.013847666
33.452	0.051689828
33.456	0.023851065
33.46	-0.026474948
33.464	-0.020503529
33.468	0.011133863
33.472	0.009449851
33.476	-0.014601002
33.48	0.007379102
33.484	0.014633538
33.488	-0.010261299
33.492	-0.001891108
33.496	0.000217529
33.5	-0.017127623
33.504	0.009166598
33.508	0.03085778
33.512	-0.02012028
33.516	-0.016165801
33.52	0.008792021
33.524	-0.00459985
33.528	0.010469424
33.532	0.023621189
33.536	-0.00639437
33.54	-0.057631302
33.544	-0.007556281
33.548	0.070209793
33.552	0.048799141
33.556	-0.067868887
33.56	-0.094239121
33.564	0.066545028
33.568	0.084949419
33.572	-0.028391108
33.576	-0.054026435
33.58	-0.010599565
33.584	0.023427953
33.588	0.01476198
33.592	0.011057142
33.596	-0.013205619
33.6	-0.019212252
33.604	0.009832806
33.608	0.009797496
33.612	-0.009961744
33.616	-0.000742296
33.62	0.013621112
33.624	-7.89089E-06
33.628	-0.013123002
33.632	-0.011795143
33.636	0.011986727
33.64	0.019734783
33.644	-0.008739112
33.648	-0.010051115
33.652	-0.002219832
33.656	-0.005201092
33.66	0.011469513
33.664	0.009248619
33.668	-0.000858827
33.672	-0.02230542
33.676	0.00080732
33.68	0.023710015
33.684	3.0173E-05
33.688	-0.011632123
33.692	-0.009695839
33.696	-0.00019292
33.7	0.001454724
33.704	0.016046979
33.708	0.015688952
33.712	-0.011048032
33.716	-0.028776137
33.72	-0.000579953
33.724	0.010049405
33.728	0.003098737
33.732	0.026685469
33.736	-0.006363508
33.74	-0.018768072
33.744	-0.005072543
33.748	-0.022429095
33.752	0.01556428
33.756	0.056353422
33.76	-0.014883335
33.764	-0.05541872
33.768	0.007290601
33.772	0.035535442
33.776	-0.008141152
33.78	-0.018083475
33.784	0.00875758
33.788	0.003674254
33.792	0.002062465
33.796	0.020364999
33.8	-0.013914417
33.804	-0.033856168
33.808	0.001418956
33.812	0.017820644
33.816	0.023263583
33.82	0.002885148
33.824	-0.019240182
33.828	0.002229801
33.832	-0.005091199
33.836	-0.035039334
33.84	0.014784732
33.844	0.057247081
33.848	-0.000123078
33.852	-0.03706068
33.856	-0.024220739
33.86	-0.001844246
33.864	0.025102222
33.868	0.031037814
33.872	0.005974403
33.876	-0.048952267
33.88	-0.026733294
33.884	0.038509966
33.888	0.025131654
33.892	-0.010002462
33.896	-0.015119435
33.9	-0.011283403
33.904	0.00364934
33.908	0.026332372
33.912	-0.001789034
33.916	-0.021780821
33.92	-0.008805482
33.924	0.008315658
33.928	0.014193642
33.932	0.008793322
33.936	-0.004044722
33.94	-0.022344732
33.944	0.004706932
33.948	0.006079336
33.952	-0.005006133
33.956	0.010788513
33.96	-0.010015765
33.964	0.008089843
33.968	0.021302762
33.972	-0.025406656
33.976	-0.030064636
33.98	0.022236753
33.984	0.031499169
33.988	-0.01423863
33.992	-0.019085363
33.996	0.008484559
34	0.005279763
34.004	-0.010805297
34.008	0.0033612
34.012	0.020464486
34.016	-0.001486985
34.02	-0.024796351
34.024	-0.023470468
34.028	0.014825423
34.032	0.062579089
34.036	0.032386223
34.04	-0.120434102
34.044	-0.089014244
34.048	0.141369108
34.052	0.158509988
34.056	-0.136634911
34.06	-0.162811217
34.064	0.089046382
34.068	0.106215771
34.072	-0.036011488
34.076	-0.051014336
34.08	0.019675491
34.084	0.031600213
34.088	-0.019362766
34.092	-0.04052408
34.096	0.011756649
34.1	0.038530114
34.104	0.009627703
34.108	-0.016961504
34.112	-0.027795301
34.116	-0.011465045
34.12	0.028857315
34.124	0.036827252
34.128	-0.01307849
34.132	-0.050517356
34.136	-0.008234385
34.14	0.04498137
34.144	0.017353878
34.148	-0.029478091
34.152	-0.005379249
34.156	0.014551611
34.16	-0.00626888
34.164	-0.007990114
34.168	0.004258198
34.172	0.012480496
34.176	-0.005642031
34.18	-0.022139311
34.184	0.01687642
34.188	0.027414402
34.192	-0.01917757
34.196	-0.026650947
34.2	0.009327014
34.204	0.020368304
34.208	0.007593676
34.212	-0.019666885
34.216	-0.022418416
34.22	0.027461805
34.224	0.020230191
34.228	-0.024540775
34.232	-0.005896756
34.236	0.012375948
34.24	-0.005822134
34.244	-0.010456162
34.248	0.008577033
34.252	0.019063343
34.256	-0.002720158
34.26	-0.023808031
34.264	-0.005576707
34.268	0.01299014
34.272	0.013745501
34.276	0.001063554
34.28	-0.0060434
34.284	-0.014137367
34.288	-0.010384329
34.292	0.015234709
34.296	0.023101186
34.3	-0.007423395
34.304	-0.024495014
34.308	0.007704251
34.312	0.014863991
34.316	-0.017077484
34.32	-0.007210775
34.324	0.022131777
34.328	0.013370136
34.332	-0.025122706
34.336	-0.015461272
34.34	0.022815637
34.344	0.009342988
34.348	-0.015814769
34.352	-0.01187605
34.356	0.017339002
34.36	0.019422742
34.364	-0.020857316
34.368	-0.017899351
34.372	0.008323873
34.376	0.012347632
34.38	0.005355687
34.384	0.001971396
34.388	-0.016672152
34.392	-0.012926742
34.396	0.023654726
34.4	0.008003342
34.404	-0.010194712
34.408	-0.00545748
34.412	-0.010593012
34.416	0.000284807
34.42	0.024126266
34.424	0.012120833
34.428	-0.017780521
34.432	-0.016129179
34.436	-0.014646399
34.44	-0.001623501
34.444	0.04935181
34.448	0.050102641
34.452	-0.088779207
34.456	-0.074343039
34.46	0.106601603
34.464	0.066485463
34.468	-0.097959362
34.472	-0.050644067
34.476	0.063704659
34.48	0.061397397
34.484	-0.03989935
34.488	-0.086969097
34.492	0.049737967
34.496	0.087976375
34.5	-0.043192521
34.504	-0.074883445
34.508	0.004991744
34.512	0.059534847
34.516	0.003018361
34.52	-0.015970982
34.524	0.012320771
34.528	-0.012648609
34.532	-0.003824327
34.536	-0.016504317
34.54	-0.021114707
34.544	0.035699972
34.548	0.041901451
34.552	-0.008885571
34.556	-0.035485735
34.56	-0.015270542
34.564	0.007177441
34.568	0.001949007
34.572	0.015338995
34.576	0.012921719
34.58	-0.014410081
34.584	-0.004054068
34.588	0.006709921
34.592	-0.003216945
34.596	-0.010011378
34.6	-0.011955845
34.604	0.01300633
34.608	0.031636978
34.612	-0.002250704
34.616	-0.031771956
34.62	-0.017737469
34.624	0.018271411
34.628	0.030446493
34.632	-0.00372028
34.636	-0.026329943
34.64	-0.014997576
34.644	0.013581335
34.648	0.028326846
34.652	0.005935049
34.656	-0.025974546
34.66	-0.027269384
34.664	0.016582232
34.668	0.026061732
34.672	0.002164438
34.676	-0.003537175
34.68	-0.019816942
34.684	-0.021259428
34.688	0.016699214
34.692	0.032978878
34.696	0.007426725
34.7	-0.026090639
34.704	-0.033347549
34.708	0.005567548
34.712	0.046378773
34.716	0.011327839
34.72	-0.041321553
34.724	-0.017256836
34.728	0.027927321
34.732	0.021679743
34.736	-0.030779273
34.74	-0.029345139
34.744	0.070595177
34.748	0.038619032
34.752	-0.162544776
34.756	-0.041260274
34.76	0.279162562
34.764	0.031610685
34.768	-0.32093565
34.772	-0.024836887
34.776	0.22034834
34.78	0.047051036
34.784	-0.074114514
34.788	-0.053070565
34.792	-0.020046804
34.796	0.023550511
34.8	0.050160584
34.804	0.004801178
34.808	-0.027388608
34.812	-0.033159571
34.816	-0.004060178
34.82	0.055663601
34.824	0.012901587
34.828	-0.043134046
34.832	-0.02019797
34.836	0.014826453
34.84	0.02051899
34.844	-0.003870965
34.848	0.01283343
34.852	0.011250441
34.856	-0.044747941
34.86	-0.044847153
34.864	0.04043114
34.868	0.0795185
34.872	-0.00387531
34.876	-0.074917372
34.88	-0.039997835
34.884	0.045806051
34.888	0.04983609
34.892	-0.01505758
34.896	-0.027904651
34.9	-0.012972836
34.904	0.013389348
34.908	0.027293403
34.912	-0.006863831
34.916	-0.010487938
34.92	-0.036220841
34.924	-0.005166074
34.928	0.076980479
34.932	0.009457712
34.936	-0.064512691
34.94	-0.015708493
34.944	0.014052338
34.948	0.05564194
34.952	-0.011054142
34.956	-0.072338369
34.96	0.024783939
34.964	0.038925955
34.968	-0.000787287
34.972	0.001027827
34.976	-0.029567787
34.98	-0.014901282
34.984	0.033884362
34.988	0.013438898
34.992	-0.030120137
34.996	-0.013436393
35	0.026749727
35.004	0.013061754
35.008	-0.012476884
35.012	-0.011467009
35.016	0.006482549
35.02	-0.003743378
35.024	0.000520813
35.028	0.006444784
35.032	0.00232847
35.036	-0.013329538
35.04	-0.005179128
35.044	0.018854081
35.048	0.013186901
35.052	0.004673113
35.056	-0.030567117
35.06	-0.047793608
35.064	0.029747081
35.068	0.075355368
35.072	-0.0022426
35.076	-0.064234433
35.08	-0.029120564
35.084	0.042954781
35.088	0.031408651
35.092	-0.029267036
35.096	-0.024276433
35.1	0.027666527
35.104	0.009430157
35.108	-0.015127446
35.112	0.024056421
35.116	-0.009685287
35.12	-0.048996196
35.124	-0.002235193
35.128	0.05600139
35.132	0.035651525
35.136	-0.046575379
35.14	-0.043253304
35.144	0.02585549
35.148	0.015997428
35.152	0.003036166
35.156	0.047380102
35.16	-0.058863849
35.164	-0.122753649
35.168	0.115981852
35.172	0.157553956
35.176	-0.094388512
35.18	-0.153008266
35.184	0.012160956
35.188	0.123346734
35.192	0.053663894
35.196	-0.100638547
35.2	-0.037599562
35.204	0.070970483
35.208	0.000656135
35.212	-0.048414853
35.216	0.000305237
35.22	0.050808711
35.224	0.005065164
35.228	-0.056750843
35.232	0.011422808
35.236	0.044201797
35.24	-0.030937374
35.244	-0.005512157
35.248	0.030516148
35.252	-0.046287235
35.256	-0.02393981
35.26	0.075747357
35.264	0.025798098
35.268	-0.060152542
35.272	-0.019205625
35.276	0.020254249
35.28	0.003256943
35.284	-0.015594194
35.288	0.021884543
35.292	0.031528285
35.296	-0.027525873
35.3	-0.032635827
35.304	0.004211767
35.308	0.018225339
35.312	0.026467358
35.316	-0.014847615
35.32	-0.027898401
35.324	0.020008181
35.328	0.008410286
35.332	-0.025768815
35.336	0.005043378
35.34	0.017979362
35.344	0.00208534
35.348	0.004629135
35.352	-0.013423023
35.356	-0.025131386
35.36	0.017991377
35.364	0.030765708
35.368	-0.028177533
35.372	-0.018725516
35.376	0.02556332
35.38	0.011366684
35.384	0.002388388
35.388	-0.014546985
35.392	-0.024330839
35.396	-0.002002667
35.4	0.035059736
35.404	0.01084697
35.408	-0.016399069
35.412	-0.00735104
35.416	-0.016014511
35.42	0.002608857
35.424	0.03402326
35.428	0.015717186
35.432	-0.048244966
35.436	-0.044485491
35.44	0.051348214
35.444	0.072666251
35.448	-0.00112275
35.452	-0.100863057
35.456	-0.114324214
35.46	0.125447051
35.464	0.226067364
35.468	-0.127533103
35.472	-0.23276727
35.476	0.06977636
35.48	0.161526579
35.484	0.010538084
35.488	-0.094547408
35.492	-0.055207063
35.496	0.043707934
35.5	0.074621459
35.504	-0.010014686
35.508	-0.052485817
35.512	-0.032916533
35.516	0.019816732
35.52	0.05453797
35.524	-0.006917154
35.528	-0.037796531
35.532	0.006316422
35.536	0.020290329
35.54	-0.003491276
35.544	-0.013391319
35.548	-0.006971453
35.552	0.000553241
35.556	0.005403298
35.56	0.023677844
35.564	0.011015842
35.568	-0.029305642
35.572	-0.035595971
35.576	0.018290706
35.58	0.043975423
35.584	-0.003642478
35.588	-0.043765956
35.592	0.00455889
35.596	0.0482601
35.6	-0.017031717
35.604	-0.047543041
35.608	0.007961779
35.612	0.031432474
35.616	0.027825476
35.62	-0.003803866
35.624	-0.053871971
35.628	-0.025210304
35.632	0.048132409
35.636	0.044114525
35.64	-0.026177023
35.644	-0.049451935
35.648	0.018127731
35.652	0.031370693
35.656	-0.014976265
35.66	-0.001701154
35.664	0.001881793
35.668	-0.017482831
35.672	0.007581162
35.676	0.028165845
35.68	-0.007936974
35.684	-0.025337698
35.688	-0.005941939
35.692	0.013895712
35.696	0.014449007
35.7	0.012349572
35.704	-0.016392655
35.708	-0.027699948
35.712	0.006322146
35.716	0.020518608
35.72	0.005731748
35.724	-0.007998631
35.728	0.00236421
35.732	-0.01203333
35.736	0.000613654
35.74	0.007391753
35.744	0.003123506
35.748	0.009487576
35.752	-0.021113997
35.756	-0.019031673
35.76	0.033915482
35.764	0.015201081
35.768	-0.027114459
35.772	-0.010180235
35.776	0.020876691
35.78	0.005473866
35.784	-0.017240252
35.788	-0.004939467
35.792	0.005910362
35.796	0.012132217
35.8	0.005069124
35.804	-0.016157819
35.808	-0.013887081
35.812	0.014679798
35.816	0.020637133
35.82	-0.013948966
35.824	-0.009543907
35.828	0.004185531
35.832	-0.00776023
35.836	-0.000890202
35.84	0.017302336
35.844	0.021896819
35.848	-0.024032283
35.852	-0.031849175
35.856	0.000219897
35.86	0.016459474
35.864	0.043628652
35.868	0.026635559
35.872	-0.068774897
35.876	-0.079690071
35.88	0.067030971
35.884	0.085524137
35.888	-0.038661255
35.892	-0.047704091
35.896	0.007962871
35.9	0.028915152
35.904	-0.009418053
35.908	-0.034032358
35.912	0.014722206
35.916	0.044127569
35.92	-0.011002811
35.924	-0.031838754
35.928	-0.004603343
35.932	0.019513462
35.936	0.00666125
35.94	-0.024210392
35.944	0.025898973
35.948	0.00919452
35.952	-0.042116491
35.956	0.013266186
35.96	0.02533575
35.964	-0.005152528
35.968	-0.026545624
35.972	-0.009062364
35.976	0.030829884
35.98	0.027791213
35.984	-0.020179957
35.988	-0.046181218
35.992	0.01288975
35.996	0.037808492
36	-0.002901394
36.004	-0.028918859
36.008	-0.007606791
36.012	0.03688295
36.016	0.008062341
36.02	-0.031341279
36.024	-0.01599584
36.028	0.019008245
36.032	0.023505427
36.036	-0.012046625
36.04	-0.015994009
36.044	-0.005673093
36.048	0.007732145
36.052	0.023925157
36.056	0.005509097
36.06	-0.032307468
36.064	-0.021889891
36.068	0.034410371
36.072	0.020277691
36.076	-0.020689829
36.08	-0.012081285
36.084	-0.001152447
36.088	0.00982749
36.092	0.01045268
36.096	0.001763928
36.1	-0.010342598
36.104	-0.01482863
36.108	0.008306948
36.112	0.008736027
36.116	-0.004006401
36.12	0.004915029
36.124	0.008140092
36.128	-0.014338522
36.132	-0.017726451
36.136	0.023020756
36.14	0.013674679
36.144	-0.025712367
36.148	-0.005030182
36.152	0.014529077
36.156	0.023179652
36.16	0.02387196
36.164	-0.093616835
36.168	-0.084118934
36.172	0.182320139
36.176	0.150186727
36.18	-0.252064616
36.184	-0.129018178
36.188	0.191627591
36.192	0.082755779
36.196	-0.074771362
36.2	-0.043660091
36.204	-0.002199811
36.208	0.012940131
36.212	0.020385723
36.216	0.006649593
36.22	-0.007167802
36.224	-0.017044116
36.228	-0.007025767
36.232	0.016378924
36.236	0.016174552
36.24	-0.007641829
36.244	-0.018369407
36.248	-0.005518268
36.252	0.010344123
36.256	0.015325157
36.26	0.005693751
36.264	-0.013604517
36.268	-0.01748482
36.272	-0.003074782
36.276	0.018362825
36.28	0.025409593
36.284	-0.010588508
36.288	-0.035232592
36.292	-0.003236994
36.296	0.030990539
36.3	0.009526308
36.304	-0.016573377
36.308	-0.005519
36.312	-0.004374659
36.316	0.012705186
36.32	0.007225045
36.324	-0.016680909
36.328	-0.003079727
36.332	0.017368723
36.336	-0.001425319
36.34	-0.01702428
36.344	-0.002098095
36.348	0.01481217
36.352	0.018134105
36.356	-0.005364936
36.36	-0.033060144
36.364	-0.014280505
36.368	0.036266062
36.372	0.026856011
36.376	-0.030309482
36.38	-0.024802494
36.384	0.03303178
36.388	0.010763768
36.392	-0.031867545
36.396	-0.004243327
36.4	0.012977064
36.404	0.004225745
36.408	0.014969509
36.412	-0.003252867
36.416	-0.017763725
36.42	-0.012042556
36.424	0.000971665
36.428	0.028163664
36.432	0.009136928
36.436	-0.019058387
36.44	-0.013955894
36.444	0.009353415
36.448	-0.004581108
36.452	-0.021029379
36.456	0.038796855
36.46	0.040295286
36.464	-0.020945801
36.468	-0.068590724
36.472	-0.02179601
36.476	0.054084228
36.48	0.044229224
36.484	-0.004419595
36.488	-0.032150426
36.492	-0.022114959
36.496	-0.001570909
36.5	0.023056891
36.504	0.029219361
36.508	-0.022357845
36.512	-0.046501467
36.516	0.019109778
36.52	0.057954399
36.524	-0.007824304
36.528	-0.039833108
36.532	-0.022667024
36.536	0.009839843
36.54	0.039243031
36.544	0.006822552
36.548	-0.020531197
36.552	0.000755158
36.556	-0.012025132
36.56	-0.020798192
36.564	0.017068014
36.568	0.035143516
36.572	0.024969507
36.576	-0.045132739
36.58	-0.07774405
36.584	0.047537468
36.588	0.094792529
36.592	-0.036203862
36.596	-0.07216847
36.6	0.02070125
36.604	0.047772463
36.608	-0.02313539
36.612	-0.043730089
36.616	0.040104047
36.62	0.043117714
36.624	-0.042122247
36.628	-0.038392707
36.632	0.029939132
36.636	0.038127921
36.64	-0.026132462
36.644	-0.036829056
36.648	0.016956997
36.652	0.037100343
36.656	0.007443724
36.66	-0.037086102
36.664	-0.025714796
36.668	0.029744057
36.672	0.009856784
36.676	-0.015679139
36.68	0.029768523
36.684	0.009136474
36.688	-0.053949028
36.692	-0.022171584
36.696	0.053463397
36.7	0.027653945
36.704	-0.014217252
36.708	-0.032267681
36.712	-0.050850219
36.716	0.069211341
36.72	0.057669541
36.724	-0.082656159
36.728	0.001986422
36.732	0.029128546
36.736	-0.036047641
36.74	0.011723661
36.744	0.033635023
36.748	-0.011820895
36.752	-0.012805156
36.756	-0.002831724
36.76	-0.014806007
36.764	0.01461574
36.768	0.027845172
36.772	-0.007367624
36.776	-0.025132675
36.78	-0.00655781
36.784	0.008446679
36.788	0.018650759
36.792	-0.02221106
36.796	0.027828851
36.8	0.003517648
36.804	-0.026960074
36.808	-0.016634208
36.812	-0.003027102
36.816	0.047930273
36.82	0.023666395
36.824	-0.059826161
36.828	-0.02456226
36.832	0.040989287
36.836	0.022237272
36.84	-0.016248053
36.844	-0.020551905
36.848	0.011652125
36.852	0.007628174
36.856	-0.024106013
36.86	0.014741689
36.864	0.041468756
36.868	-0.015354282
36.872	-0.081488074
36.876	-0.022061313
36.88	0.134442849
36.884	0.084396789
36.888	-0.167208191
36.892	-0.091834142
36.896	0.125933663
36.9	0.044092717
36.904	-0.056909448
36.908	-0.005639919
36.912	0.033488646
36.916	0.002209844
36.92	-0.028859102
36.924	-0.024970812
36.928	0.008912088
36.932	0.045904866
36.936	0.000980593
36.94	-0.036536127
36.944	0.007293836
36.948	0.007205133
36.952	0.001145386
36.956	-0.008182052
36.96	-0.016150367
36.964	0.028835259
36.968	0.02468326
36.972	-0.040235383
36.976	-0.023220879
36.98	0.032935357
36.984	0.018208192
36.988	-0.02077963
36.992	-0.008493231
36.996	0.015456782
37	-0.003420391
37.004	-0.023143583
37.008	-0.001793674
37.012	0.04824157
37.016	0.015625763
37.02	-0.055829729
37.024	-0.018802443
37.028	0.029664545
37.032	0.005535556
37.036	-0.007878509
37.04	0.018431606
37.044	0.006184504
37.048	-0.024743095
37.052	-0.012982504
37.056	0.012104033
37.06	0.006811632
37.064	0.00784165
37.068	0.005107269
37.072	-0.015980216
37.076	-0.006227326
37.08	0.001006584
37.084	0.003233919
37.088	0.006439599
37.092	0.00865675
37.096	-0.001862666
37.1	-0.015599376
37.104	0.011872675
37.108	-0.016187956
37.112	-0.019627882
37.116	0.04012293
37.12	0.031584192
37.124	-0.029315102
37.128	-0.031761985
37.132	-0.004008449
37.136	0.014106596
37.14	0.02216145
37.144	-0.012071699
37.148	-0.002995062
37.152	0.078496979
37.156	-0.108881809
37.16	-0.079667268
37.164	0.19798222
37.168	-0.034263682
37.172	-0.129251314
37.176	0.027045613
37.18	0.155405855
37.184	0.017687387
37.188	-0.28728579
37.192	0.024934053
