53.196	0.004193564
53.2	-0.007970701
53.204	-0.011547444
53.208	-0.001840243
53.212	0.012002944
53.216	0.011030574
53.22	-0.014921985
53.224	-0.017557809
53.228	0.020395337
53.232	0.023066236
53.236	-0.010818833
53.24	-0.02372986
53.244	-0.018283896
53.248	0.008859176
53.252	0.03698901
53.256	0.020140007
53.26	-0.024082596
53.264	-0.037873215
53.268	0.000413138
53.272	0.023583937
53.276	0.007312237
53.28	0.003992071
53.284	-0.001737846
53.288	-0.008241026
53.292	-0.00410452
53.296	-0.005079309
53.3	-0.003081017
53.304	0.01061478
53.308	0.017432389
53.312	-0.003386811
53.316	-0.019871089
53.32	-0.006816739
53.324	0.014139498
53.328	0.010692355
53.332	-0.019106613
53.336	-0.003804245
53.34	0.019779825
53.344	0.00756873
53.348	-0.00201218
53.352	-0.024415331
53.356	-0.034517296
53.36	0.036348041
53.364	0.058642075
53.368	-0.002530683
53.372	-0.046760968
53.376	-0.066120602
53.38	-0.044647019
53.384	0.121408565
53.388	0.201387238
53.392	-0.15978683
53.396	-0.217632421
53.4	0.162676178
53.404	-0.003819978
53.408	-0.122171987
53.412	0.1968464
53.416	0.124074187
53.42	-0.193136896
53.424	-0.144396039
53.428	0.155428349
53.432	0.054526926
53.436	-0.120336602
53.44	-0.009426941
53.444	0.060389033
53.448	0.124286221
53.452	-0.03794425
53.456	-0.201554298
53.46	0.022912709
53.464	0.171072073
53.468	0.007258558
53.472	-0.102648381
53.476	-0.035652035
53.48	0.031797337
53.484	0.033917443
53.488	0.014889643
53.492	-0.003515061
53.496	-0.002751618
53.5	-0.021442186
53.504	-0.026509493
53.508	0.006671472
53.512	0.028841717
53.516	0.010158745
53.52	0.003945525
53.524	-0.012636624
53.528	-0.029189505
53.532	0.003527732
53.536	0.033878319
53.54	0.009518948
53.544	-0.02515522
53.548	-0.017847781
53.552	0.00246669
53.556	0.017442094
53.56	0.017826941
53.564	-0.009175302
53.568	-0.016312873
53.572	-0.002144903
53.576	0.002495952
53.58	0.010580329
53.584	0.009309363
53.588	-0.023313241
53.592	-0.01008489
53.596	0.030001796
53.6	0.005443582
53.604	-0.021697973
53.608	0.005293545
53.612	0.009840969
53.616	-0.020673765
53.62	-0.012870566
53.624	0.021847015
53.628	0.041566386
53.632	-0.011431445
53.636	-0.063477653
53.64	-0.006872831
53.644	0.056262126
53.648	0.022497518
53.652	-0.030282568
53.656	-0.017639471
53.66	0.002898648
53.664	-0.006740213
53.668	0.013252733
53.672	0.027698377
53.676	-0.0164343
53.68	-0.029180517
53.684	0.015802006
53.688	0.024490766
53.692	-0.021926325
53.696	-0.022151042
53.7	0.010871955
53.704	0.020652835
53.708	0.069548266
53.712	-0.058683443
53.716	-0.164384779
53.72	0.080562432
53.724	0.228618005
53.728	-0.05064769
53.732	-0.198266756
53.736	-0.059681461
53.74	0.137659647
53.744	0.131156444
53.748	-0.087518858
53.752	-0.092582994
53.756	0.031509124
53.76	0.040003868
53.764	0.00347007
53.768	-0.024276147
53.772	-0.02020004
53.776	0.021003044
53.78	0.035069559
53.784	-0.008886218
53.788	-0.042009484
53.792	-0.005239209
53.796	0.039451765
53.8	0.009260854
53.804	-0.033948641
53.808	-0.008731914
53.812	0.025384812
53.816	0.012832191
53.82	-0.009539436
53.824	-0.019149597
53.828	-0.008647014
53.832	0.01714166
53.836	0.025765397
53.84	-0.012578945
53.844	-0.029725204
53.848	0.00495936
53.852	0.020024139
53.856	0.003666677
53.86	-0.006182733
53.864	-0.004407615
53.868	-0.003048495
53.872	-0.006833959
53.876	0.009086751
53.88	0.015472826
53.884	-0.00960895
53.888	-0.011716386
53.892	0.002074934
53.896	0.00308978
53.9	0.009911958
53.904	-0.006035259
53.908	-0.009203786
53.912	0.009244161
53.916	0.003676935
53.92	-0.004297961
53.924	-0.008333862
53.928	0.004458603
53.932	0.006154146
53.936	-0.008359212
53.94	0.016173307
53.944	0.000634523
53.948	-0.033952041
53.952	0.005756459
53.956	0.037385241
53.96	0.002512741
53.964	-0.040225318
53.968	-0.013721437
53.972	0.038203497
53.976	0.02206266
53.98	-0.025226253
53.984	-0.029032137
53.988	0.009570907
53.992	0.031569832
53.996	0.004903926
54	-0.031055088
54.004	-0.015363462
54.008	0.02548799
54.012	0.016441078
54.016	-0.007602053
54.02	-0.014320426
54.024	-0.013491528
54.028	0.014542146
54.032	0.021338172
54.036	-0.005110767
54.04	-0.023430311
54.044	-0.005726895
54.048	0.017749429
54.052	0.007294133
54.056	-0.003801827
54.06	-0.004193902
54.064	-0.000570652
54.068	0.000637211
54.072	-0.008292198
54.076	0.000432061
54.08	0.013519933
54.084	0.005829709
54.088	-0.013745066
54.092	-0.008083308
54.096	0.013895064
54.1	-0.002499024
54.104	-0.012835911
54.108	0.011032333
54.112	0.016264744
54.116	-0.0097255
54.12	-0.01183425
54.124	0.00020765
54.128	-0.011282822
54.132	0.006433932
54.136	0.031875327
54.14	0.004897651
54.144	-0.02750592
54.148	-0.029202155
54.152	0.012274247
54.156	0.038804964
54.16	-0.001999096
54.164	-0.03031353
54.168	-0.00507886
54.172	0.021461017
54.176	0.010495814
54.18	-0.015918987
54.184	-0.006465206
54.188	0.008373312
54.192	-0.010098139
54.196	-0.006450923
54.2	0.030327556
54.204	0.012412986
54.208	-0.030921954
54.212	-0.027445797
54.216	0.027567185
54.22	0.025017568
54.224	-0.027749148
54.228	-0.011302718
54.232	0.029186244
54.236	0.003238681
54.24	-0.017973819
54.244	-0.002891812
54.248	-0.000473359
54.252	-0.001842198
54.256	0.002206372
54.26	0.013825602
54.264	0.009026302
54.268	-0.008600233
54.272	-0.022682673
54.276	0.000481132
54.28	0.023617065
54.284	-0.019487337
54.288	-0.007442288
54.292	0.038619339
54.296	0.0156901
54.3	-0.051958194
54.304	-0.028106996
54.308	0.046932732
54.312	0.020902444
54.316	-0.024278849
54.32	-0.013094541
54.324	0.01477854
54.328	0.013214846
54.332	-0.019498655
54.336	-0.025548848
54.34	0.011721067
54.344	0.055375258
54.348	0.010974385
54.352	-0.062361577
54.356	-0.049273754
54.36	0.026568464
54.364	0.086361467
54.368	0.026037485
54.372	-0.087089735
54.376	-0.087066812
54.38	0.018392153
54.384	0.196959272
54.388	0.035188078
54.392	-0.237762886
54.396	-0.002379886
54.4	0.093422533
54.404	-0.08539373
54.408	0.09491718
54.412	0.155099042
54.416	-0.147250709
54.42	-0.191294624
54.424	0.189395245
54.428	0.131590821
54.432	-0.241580442
54.436	-0.031777275
54.44	0.121503079
54.444	0.11882762
54.448	-0.041955461
54.452	-0.208811463
54.456	0.066026996
54.46	0.191763302
54.464	-0.053270242
54.468	-0.152771159
54.472	-0.005894294
54.476	0.061969149
54.48	0.059732917
54.484	0.038330157
54.488	-0.043459854
54.492	-0.070840991
54.496	-0.021523636
54.5	0.071128888
54.504	0.032495624
54.508	-0.047144294
54.512	-0.025287442
54.516	0.037341861
54.52	0.021027551
54.524	-0.048379953
54.528	-0.009492441
54.532	0.055877447
54.536	-0.003506719
54.54	-0.027906478
54.544	-0.008201217
54.548	-0.000947205
54.552	0.003417662
54.556	0.018212128
54.56	0.019052515
54.564	-0.020848569
54.568	-0.025555991
54.572	0.003131475
54.576	0.02588644
54.58	0.004935812
54.584	-0.019210055
54.588	0.000380786
54.592	0.009430466
54.596	-0.006837509
54.6	-0.00966393
54.604	0.010990817
54.608	0.014742544
54.612	-0.01486657
54.616	0.00010907
54.62	0.007257732
54.624	-0.012363639
54.628	-0.006300844
54.632	0.004818838
54.636	0.01222081
54.64	0.013352141
54.644	-0.009095873
54.648	-0.024094678
54.652	-0.003735785
54.656	0.027681352
54.66	0.004381668
54.664	-0.01714811
54.668	-0.00097665
54.672	-0.002686733
54.676	0.007725585
54.68	0.013096356
54.684	-0.008743577
54.688	-0.021773794
54.692	-0.007211674
54.696	0.038725348
54.7	0.07122176
54.704	-0.102380415
54.708	-0.137764964
54.712	0.163021517
54.716	0.16716597
54.72	-0.188654047
54.724	-0.102842235
54.728	0.112420784
54.732	0.079587307
54.736	-0.039647594
54.74	-0.132980288
54.744	0.028902131
54.748	0.156454655
54.752	-0.00362705
54.756	-0.110368287
54.76	-0.049149176
54.764	0.042181544
54.768	0.071511615
54.772	-0.004880592
54.776	-0.045241597
54.78	-0.002632537
54.784	0.015143755
54.788	0.000562158
54.792	-0.00705465
54.796	0.001961502
54.8	0.013972786
54.804	-0.008307952
54.808	-0.023767733
54.812	0.012143212
54.816	0.032569825
54.82	-0.009683367
54.824	-0.033430013
54.828	0.006761891
54.832	0.027032489
54.836	-0.008964813
54.84	-0.021207276
54.844	0.010559498
54.848	0.013559266
54.852	-0.002567373
54.856	-0.002136809
54.86	-0.004613937
54.864	-0.012453228
54.868	0.004713092
54.872	0.020192029
54.876	0.001957427
54.88	-0.017963279
54.884	-0.012055477
54.888	0.01349592
54.892	0.016447252
54.896	-0.008634238
54.9	-0.013396697
54.904	0.003557665
54.908	0.010059041
54.912	-0.0031033
54.916	-0.005741067
54.92	0.004924747
54.924	-0.001630479
54.928	-0.005476405
54.932	0.007822331
54.936	0.008011165
54.94	-0.010000553
54.944	-0.014057339
54.948	0.008657828
54.952	0.016454315
54.956	0.001719501
54.96	-0.013692242
54.964	-0.016385524
54.968	0.00716721
54.972	0.020500714
54.976	0.002327268
54.98	-0.012682914
54.984	-0.007637702
54.988	0.003551135
54.992	0.002566054
54.996	0.003512591
55	0.002479347
55.004	-0.001215143
55.008	-0.00886842
55.012	-0.000476862
55.016	0.010459192
55.02	0.001281194
55.024	-0.006014058
55.028	-0.005277341
55.032	-0.002478051
55.036	0.007001469
55.04	0.009191122
55.044	0.009637575
55.048	-0.010990046
55.052	-0.034646271
55.056	0.004430273
55.06	0.034502851
55.064	0.012885749
55.068	-0.006404041
55.072	-0.032480549
55.076	-0.015319394
55.08	0.03512139
55.084	0.020592539
55.088	-0.01793659
55.092	-0.024447899
55.096	-0.000496292
55.1	0.017634764
55.104	0.012779763
55.108	0.006440243
55.112	-0.020729677
55.116	-0.019406803
55.12	0.011766907
55.124	0.014047895
55.128	0.007152062
55.132	-0.005958728
55.136	-0.015946243
55.14	-0.00239917
55.144	0.021622421
55.148	0.000436844
55.152	-0.023412016
55.156	0.007036855
55.16	0.023580224
55.164	-0.008223454
55.168	-0.027341203
55.172	0.000749959
55.176	0.030426498
55.18	0.004946062
55.184	-0.018213049
55.188	-0.012031164
55.192	0.002232335
55.196	0.017214207
55.2	0.005567773
55.204	-0.00955978
55.208	-0.017123825
55.212	-0.000758284
55.216	0.025900568
55.22	0.009249635
55.224	-0.022486315
55.228	-0.016832981
55.232	0.014202384
55.236	0.018163661
55.24	-0.00718011
55.244	-0.015557004
55.248	0.006023814
55.252	0.007083964
55.256	-0.003130298
55.26	-0.000197937
55.264	-0.001156855
55.268	-0.001214961
55.272	0.00193368
55.276	-0.001217177
55.28	0.007858369
55.284	0.004594516
55.288	-0.025196671
55.292	-0.010168056
55.296	0.028582179
55.3	0.027364412
55.304	-0.013750892
55.308	-0.038036975
55.312	-0.009049944
55.316	0.013470952
55.32	0.029230801
55.324	0.031004856
55.328	-0.00914628
55.332	-0.056416122
55.336	-0.068806874
55.34	-0.000231704
55.344	0.178055939
55.348	0.110706155
55.352	-0.226011874
55.356	-0.100116375
55.36	0.116894513
55.364	-0.065628876
55.368	0.029455252
55.372	0.187663581
55.376	-0.041546862
55.38	-0.119064791
55.384	-0.00312157
55.388	-0.020422543
55.392	-0.039268838
55.396	0.030873993
55.4	0.111878598
55.404	0.076934419
55.408	-0.11886572
55.412	-0.141654354
55.416	0.085285725
55.42	0.120635758
55.424	-0.048221307
55.428	-0.083036306
55.432	0.00650395
55.436	0.036191082
55.44	0.032367197
55.444	0.003671342
55.448	-0.025263211
55.452	-0.004687002
55.456	-0.018622623
55.46	-0.004456344
55.464	0.043435086
55.468	-0.007172876
55.472	-0.045693948
55.476	0.026404046
55.48	0.037714773
55.484	-0.017104221
55.488	-0.028836929
55.492	-0.010683317
55.496	0.025194381
55.5	0.027830602
55.504	-0.022539672
55.508	-0.032935043
55.512	0.012025839
55.516	0.032457483
55.52	0.006736502
55.524	-0.028109227
55.528	-0.018700949
55.532	0.016747401
55.536	0.019656254
55.54	-0.002795788
55.544	-0.016312864
55.548	-0.006163844
55.552	0.013524809
55.556	0.006981104
55.56	-0.01050234
55.564	-0.002267167
55.568	0.001557686
55.572	0.000609242
55.576	0.013242046
55.58	-0.003695378
55.584	-0.026274669
55.588	0.004665987
55.592	0.030919835
55.596	0.006781501
55.6	-0.040279874
55.604	-0.017295041
55.608	0.049679711
55.612	0.014885195
55.616	-0.038083409
55.62	-0.016154695
55.624	0.020308601
55.628	0.025307912
55.632	-0.015673571
55.636	-0.028146266
55.64	0.010711758
55.644	0.025984394
55.648	-0.000111864
55.652	-0.028546838
55.656	-0.010885384
55.66	0.041567086
55.664	0.072600506
55.668	-0.13524249
55.672	-0.131217501
55.676	0.230789559
55.68	0.157337161
55.684	-0.246297709
55.688	-0.113130373
55.692	0.15585114
55.696	0.084815509
55.7	-0.131477081
55.704	-0.043879421
55.708	0.132672513
55.712	0.040559357
55.716	-0.085974563
55.72	-0.070078653
55.724	0.009211897
55.728	0.071477444
55.732	0.03300892
55.736	-0.035439866
55.74	-0.025996955
55.744	0.001630726
55.748	0.010357652
55.752	0.001930065
55.756	0.000665759
55.76	0.003198565
55.764	-0.005373326
55.768	-0.003027673
55.772	0.003065391
55.776	0.002985611
55.78	-0.001424186
55.784	-0.003466523
55.788	0.00239276
55.792	0.003211696
55.796	0.003937641
55.8	-0.010004749
55.804	-0.01079708
55.808	0.011149476
55.812	0.013763365
55.816	-0.001319325
55.82	-0.006713629
55.824	-0.011222507
55.828	-0.006056353
55.832	0.017320739
55.836	0.007670871
55.84	-0.015758889
55.844	0.001582242
55.848	0.01772611
55.852	-0.009409065
55.856	-0.021222395
55.86	0.004797023
55.864	0.024673652
55.868	0.003094185
55.872	-0.03171752
55.876	-0.001699687
55.88	0.035615036
55.884	-0.00204592
55.888	-0.029407827
55.892	0.000670779
55.896	0.018714764
55.9	-0.000540189
55.904	-0.008112456
55.908	0.004127463
55.912	-0.003028394
55.916	-0.000969424
55.92	-0.000714991
55.924	-0.002677072
55.928	0.013150504
55.932	0.004234782
55.936	-0.006581333
55.94	-0.018050298
55.944	-0.001688967
55.948	0.022211266
55.952	-0.001348045
55.956	-0.009597205
55.96	0.001203422
55.964	0.007108905
55.968	0.007272337
55.972	-0.016405701
55.976	-0.015120716
55.98	0.012325471
55.984	0.026391383
55.988	-0.004852883
55.992	-0.034558232
55.996	0.015785103
56	0.021529189
56.004	-0.028383734
56.008	-0.0028302
56.012	0.019337271
56.016	0.013727773
56.02	-0.012554014
56.024	-0.022031332
56.028	0.004408617
56.032	0.017465023
56.036	-0.001702939
56.04	-0.014832152
56.044	0.013674919
56.048	0.009923469
56.052	-0.017662302
56.056	2.13641E-05
56.06	0.006202854
56.064	-0.005317183
56.068	-0.005506734
56.072	0.003791406
56.076	0.030548013
56.08	-0.019727455
56.084	-0.039226431
56.088	0.030030874
56.092	0.029412257
56.096	-0.01313857
56.1	-0.029934106
56.104	-0.000141954
56.108	0.023937186
56.112	0.000373241
56.116	-0.014553615
56.12	0.009123401
56.124	0.012234397
56.128	-0.008391471
56.132	-0.013576167
56.136	-0.014363183
56.14	0.01505809
56.144	0.028475699
56.148	0.003016306
56.152	-0.039549098
56.156	-0.013844888
56.16	0.04571289
56.164	0.008074406
56.168	-0.032502052
56.172	-0.023355377
56.176	0.01903527
56.18	0.053185188
56.184	-0.018848578
56.188	-0.039562188
56.192	-0.010836678
56.196	0.008812345
56.2	0.036003542
56.204	0.0245582
56.208	-0.028971001
56.212	-0.049768617
56.216	0.00566539
56.22	0.048630869
56.224	0.01129526
56.228	-0.023677114
56.232	-0.023209244
56.236	0.002660096
56.24	0.034427648
56.244	0.000810763
56.248	-0.029681168
56.252	-0.009398944
56.256	0.023559663
56.26	0.006569646
56.264	-0.01212707
56.268	0.002135307
56.272	0.004130214
56.276	0.000680403
56.28	-0.019002297
56.284	0.010853331
56.288	0.027452085
56.292	-0.035664569
56.296	-0.021828182
56.3	0.047863614
56.304	0.049500896
56.308	-0.055124771
56.312	-0.105157336
56.316	0.000444115
56.32	0.177646366
56.324	0.119864851
56.328	-0.238153117
56.332	-0.108193617
56.336	0.160339893
56.34	-0.072690595
56.344	-0.005014014
56.348	0.221582979
56.352	-0.058658203
56.356	-0.228386132
56.36	0.11481357
56.364	0.113312017
56.368	-0.183475507
56.372	-0.019087206
56.376	0.110602911
56.38	0.100190524
56.384	-0.015812983
56.388	-0.204453004
56.392	0.005793315
56.396	0.210521808
56.4	-0.00152996
56.404	-0.16035543
56.408	-0.031190565
56.412	0.062263924
56.416	0.051579997
56.42	0.020762902
56.424	-0.023784658
56.428	-0.016855752
56.432	-0.019855596
56.436	-0.01715081
56.44	0.02529845
56.444	0.018124069
56.448	-0.009184583
56.452	-0.008860668
56.456	0.000350378
56.46	0.017480579
56.464	0.010912319
56.468	-0.030280361
56.472	-0.01961084
56.476	0.026898136
56.48	0.011094572
56.484	-0.01004419
56.488	-1.45515E-05
56.492	-0.002020389
56.496	-0.004891108
56.5	0.009399249
56.504	0.009557265
56.508	-0.019334813
56.512	-0.0139054
56.516	0.026842616
56.52	0.017313365
56.524	-0.026370939
56.528	-0.020621015
56.532	0.019635993
56.536	0.018974496
56.54	-0.012177541
56.544	-0.01285167
56.548	0.011544795
56.552	0.011942532
56.556	-0.013182519
56.56	-0.023255158
56.564	0.010233144
56.568	0.028524614
56.572	-0.001135007
56.576	-0.015515454
56.58	-0.004860053
56.584	-0.001191385
56.588	0.003685983
56.592	0.002627039
56.596	0.002515605
56.6	0.002052705
56.604	-0.001227063
56.608	-0.010682779
56.612	-0.003399217
56.616	0.022753774
56.62	0.009620543
56.624	-0.034327949
56.628	-0.017543157
56.632	0.022472143
56.636	0.026149858
56.64	0.06248862
56.644	-0.097126753
56.648	-0.13926346
56.652	0.170620823
56.656	0.172213953
56.66	-0.210875492
56.664	-0.134147406
56.668	0.17870787
56.672	0.126743027
56.676	-0.16943047
56.68	-0.143170108
56.684	0.170010838
56.688	0.13690787
56.692	-0.097515059
56.696	-0.116281798
56.7	-0.001648746
56.704	0.077818489
56.708	0.053912397
56.712	-0.039392503
56.716	-0.04719273
56.72	0.012241267
56.724	0.026626221
56.728	0.002056095
56.732	-0.015268706
56.736	-0.006301887
56.74	0.005766511
56.744	0.004945358
56.748	0.002656949
56.752	0.002878657
56.756	-0.008806901
56.76	-0.010961088
56.764	0.010392417
56.768	0.008238564
56.772	-0.003584764
56.776	0.00225042
56.78	-0.007852289
56.784	-0.004154408
56.788	0.012370033
56.792	-0.002974852
56.796	-0.007295483
56.8	0.002725008
56.804	0.00217864
56.808	0.006497969
56.812	-0.001330379
56.816	-0.008019957
56.82	-0.003541317
56.824	-0.002426182
56.828	0.009821042
56.832	0.019767787
56.836	-0.010056298
56.84	-0.029296584
56.844	0.003695896
56.848	0.018258209
56.852	0.007373182
56.856	-0.005761349
56.86	-0.012728011
56.864	0.00704459
56.868	0.013642645
56.872	-0.003197879
56.876	-0.033010132
56.88	-0.006687828
56.884	0.050903823
56.888	0.023018489
56.892	-0.058169125
56.896	-0.020766441
56.9	0.049224548
56.904	0.005536462
56.908	-0.032992292
56.912	-0.004482639
56.916	0.019110008
56.92	0.019474577
56.924	-0.007824922
56.928	-0.020426428
56.932	-0.011511565
56.936	0.009688809
56.94	0.01557302
56.944	0.004840362
56.948	0.003991088
56.952	-0.014432575
56.956	-0.019836677
56.96	0.009161322
56.964	0.014874006
56.968	0.002326878
56.972	-0.003843105
56.976	0.002788359
56.98	-0.012762064
56.984	-0.007351506
56.988	0.026997025
56.992	0.001426463
56.996	-0.030041825
57	0.002242693
57.004	0.027397691
57.008	-0.010849333
57.012	-0.01702639
57.016	0.026089665
57.02	-0.001039554
57.024	-0.023116422
57.028	0.00094135
57.032	0.012707661
57.036	0.015243129
57.04	-0.011474884
57.044	-0.030428295
57.048	0.010930762
57.052	0.035064534
57.056	0.00201764
57.06	-0.02544001
57.064	-0.022487774
57.068	0.01516322
57.072	0.026634336
57.076	-0.010724449
57.08	-0.022225917
57.084	0.017595263
57.088	0.017603802
57.092	-0.023174968
57.096	-0.00564767
57.1	0.005823429
57.104	-0.000613094
57.108	0.015783793
57.112	0.003243898
57.116	-0.023307719
57.12	-0.009961387
57.124	0.017933215
57.128	0.007718933
57.132	-0.00151155
57.136	0.00970698
57.14	-0.017524798
57.144	-0.016915718
57.148	0.019041443
57.152	0.003338701
57.156	-0.0073125
57.16	0.008394903
57.164	0.004570494
57.168	-0.007662448
57.172	-0.008908003
57.176	0.003126921
57.18	0.008153685
57.184	0.003694559
57.188	-0.007043837
57.192	-0.014577179
57.196	0.010858761
57.2	0.015142137
57.204	-0.00337867
57.208	-0.005562782
57.212	-0.007638578
57.216	-0.007165351
57.22	0.002647766
57.224	0.018864273
57.228	0.012768076
57.232	-0.026435459
57.236	-0.010742769
57.24	0.019420871
57.244	-0.000279507
57.248	-0.024410131
57.252	0.008436347
57.256	0.047228106
57.26	0.00623516
57.264	-0.042640627
57.268	-0.050092012
57.272	-0.032172416
57.276	0.048287448
57.28	0.176196374
57.284	0.007159551
57.288	-0.245429938
57.292	0.011279289
57.296	0.068409072
57.3	-0.096847403
57.304	0.164116623
57.308	0.147063475
57.312	-0.194331185
57.316	-0.119356085
57.32	0.142411106
57.324	0.016862354
57.328	-0.118482854
57.332	-0.001539222
57.336	0.097172835
57.34	0.103222554
57.344	-0.05393342
57.348	-0.176452636
57.352	0.028583432
57.356	0.154152566
57.36	-0.017259607
57.364	-0.103638048
57.368	-0.004598175
57.372	0.056389772
57.376	0.01741487
57.38	-0.011446241
57.384	-0.007137275
57.388	0.000154475
57.392	0.002309006
57.396	-0.025408245
57.4	-0.014289877
57.404	0.047586297
57.408	0.005623691
57.412	-0.035174778
57.416	0.014183146
57.42	0.017687629
57.424	-0.01507438
57.428	-0.01606042
57.432	0.002174733
57.436	0.017380198
57.44	0.00437234
57.444	-0.016758864
57.448	0.000858325
57.452	0.012232486
57.456	-0.008514593
57.46	-0.001709496
57.464	0.017881812
57.468	-0.008972573
57.472	-0.024534692
57.476	0.004821796
57.48	0.024201988
57.484	0.011192303
57.488	-0.017903609
57.492	-0.037113183
57.496	0.031266738
57.5	0.052582939
57.504	-0.045198055
57.508	-0.05891956
57.512	0.027545515
57.516	0.063662532
57.52	0.001906788
57.524	-0.040748276
57.528	-0.023894353
57.532	0.007672716
57.536	0.023084526
57.54	0.007654672
57.544	-0.010313063
57.548	-0.011043788
57.552	0.000682626
57.556	0.021587186
57.56	0.008448807
57.564	-0.026953505
57.568	-0.021620784
57.572	0.014898638
57.576	0.017886468
57.58	0.002121633
57.584	0.009545021
57.588	-0.005828695
57.592	-0.041334042
57.596	-0.002915316
57.6	0.074532396
57.604	0.020762781
57.608	-0.131982321
57.612	-0.037327895
57.616	0.159180952
57.62	0.093533099
57.624	-0.148632936
57.628	-0.09645662
57.632	0.018196669
57.636	0.117941872
57.64	0.051836958
57.644	-0.100269458
57.648	-0.023448287
57.652	0.033214774
57.656	0.010174556
57.66	0.005079057
57.664	-0.03065416
57.668	-0.011956864
57.672	0.036656684
57.676	0.025222638
57.68	-0.025098837
57.684	-0.029006175
57.688	0.008039997
57.692	0.018398695
57.696	-0.002535088
57.7	-0.009193419
57.704	0.01884538
57.708	0.0015407
57.712	-0.03557426
57.716	0.000744886
57.72	0.033150934
57.724	0.012834382
57.728	-0.02600652
57.732	-0.024632588
57.736	0.017633679
57.74	0.018449101
57.744	0.004778277
57.748	-0.010910753
57.752	-0.023012304
57.756	0.004578206
57.76	0.020681803
57.764	0.012056867
57.768	-0.014543201
57.772	-0.028346891
57.776	0.01229489
57.78	0.032509808
57.784	0.000356058
57.788	-0.030854503
57.792	-0.021846367
57.796	0.026390066
57.8	0.02809533
57.804	-0.012607291
57.808	-0.014645421
57.812	0.00449953
57.816	-0.006590171
57.82	-0.01075916
57.824	0.022096783
57.828	0.013726132
57.832	-0.020045976
57.836	-0.015405214
57.84	0.012200706
57.844	0.022049707
57.848	-0.00813948
57.852	-0.021152978
57.856	-3.38104E-06
57.86	0.010757984
57.864	0.00564211
57.868	-0.0076183
57.872	0.007724948
57.876	0.012514812
57.88	-0.021765008
57.884	-0.022684043
57.888	0.021384913
57.892	0.028198737
57.896	-0.008925601
57.9	-0.028437622
57.904	0.004623704
57.908	0.01587645
57.912	-0.006726967
57.916	-0.000480916
57.92	0.007964507
57.924	0.00264984
57.928	-0.010439564
57.932	-0.014992276
57.936	0.006253567
57.94	0.018360387
57.944	0.009780057
57.948	-0.007224236
57.952	-0.030320339
57.956	-0.008038642
57.96	0.035061998
57.964	0.028464388
57.968	-0.022973509
57.972	-0.045819058
57.976	0.010302643
57.98	0.038891241
57.984	-0.007815405
57.988	-0.014190069
57.992	0.018088819
57.996	-0.004897609
58	-0.030327681
58.004	0.012859437
58.008	0.029730985
58.012	-0.011910233
58.016	-0.020965271
58.02	-0.001311136
58.024	0.023638659
58.028	0.011275758
58.032	-0.024969501
58.036	-0.017025397
58.04	0.020425271
58.044	0.02026928
58.048	-0.015808488
58.052	-0.019071582
58.056	0.002111443
58.06	0.024682805
58.064	0.016139346
58.068	-0.029095879
58.072	-0.03015391
58.076	0.020934569
58.08	0.029826889
58.084	-0.000561048
58.088	-0.023161791
58.092	-0.013222517
58.096	0.014614187
58.1	0.016316341
58.104	0.004882955
58.108	-0.023774338
58.112	-0.025928963
58.116	0.028499868
58.12	0.02826642
58.124	-0.01439384
58.128	-0.018438018
58.132	0.000730871
58.136	0.004823886
58.14	-0.003706452
58.144	0.020142535
58.148	-0.000479921
58.152	-0.035381016
58.156	0.010578358
58.16	0.024468611
58.164	-0.008878176
58.168	-0.003638671
58.172	0.004228186
58.176	-0.011758854
58.18	-0.000466386
58.184	0.013899561
58.188	-0.001110924
58.192	-0.013036224
58.196	0.000155758
58.2	0.008617324
58.204	0.010650441
58.208	-0.003515022
58.212	-0.013258953
58.216	-0.003940619
58.22	-0.002384533
58.224	-0.003299196
58.228	0.030028118
58.232	0.04346933
58.236	-0.034755658
58.24	-0.099398102
58.244	-0.044140283
58.248	0.116690221
58.252	0.198458814
58.256	-0.091316122
58.26	-0.251868624
58.264	0.103311214
58.268	0.046230066
58.272	-0.134705249
58.276	0.171020263
58.28	0.164495816
58.284	-0.172686679
58.288	-0.153348276
58.292	0.117111472
58.296	0.034990066
58.3	-0.09579425
58.304	0.038994293
58.308	0.0582137
58.312	0.037642857
58.316	-0.017084838
58.32	-0.121745735
58.324	-0.004698038
58.328	0.127160241
58.332	0.016600106
58.336	-0.096802086
58.34	-0.022814176
58.344	0.044175992
58.348	0.005562371
58.352	0.023378982
58.356	0.037289971
58.36	-0.051769083
58.364	-0.076522902
58.368	0.030570761
58.372	0.076743948
58.376	-0.004632366
58.38	-0.042578384
58.384	-9.57947E-05
58.388	0.013218871
58.392	-0.011964224
58.396	-0.00284996
58.4	0.016491665
58.404	0.007157295
58.408	-0.006801137
58.412	-0.007454064
58.416	-0.009464677
58.42	-0.001996531
58.424	0.013507781
58.428	0.010803457
58.432	0.001290392
58.436	-0.012907664
58.44	-0.015293576
58.444	0.010213508
58.448	0.014040346
58.452	-0.011816341
58.456	-0.000270727
58.46	0.011169139
58.464	-0.000465539
58.468	-0.011471986
58.472	-0.009128827
58.476	0.008216707
58.48	0.017274032
58.484	-0.002534942
58.488	-0.016292082
58.492	-0.004142737
58.496	0.009364186
58.5	0.009356886
58.504	0.0044987
58.508	-0.014414444
58.512	-0.019844103
58.516	0.021155779
58.52	0.02232238
58.524	-0.029015645
58.528	-0.017520133
58.532	0.034751192
58.536	0.031454963
58.54	-0.042796736
58.544	-0.045307514
58.548	0.034265976
58.552	0.039924245
58.556	-0.003077089
58.56	-0.038541241
58.564	-0.025708413
58.568	0.038709185
58.572	0.091478128
58.576	-0.059718531
58.58	-0.173945796
58.584	0.051332882
58.588	0.251598546
58.592	-0.038856918
58.596	-0.228392993
58.6	0.0169552
58.604	0.121048763
58.608	0.028176376
58.612	-0.074219128
58.616	-0.028503029
58.62	0.079600635
58.624	0.001041567
58.628	-0.073882886
58.632	0.004263808
58.636	0.077406241
58.64	-0.01065681
58.644	-0.094943362
58.648	0.020642403
58.652	0.093724992
58.656	-0.008304515
58.66	-0.058607741
58.664	-0.035988725
58.668	0.040180838
58.672	0.045248158
58.676	-0.015160369
58.68	-0.029971667
58.684	-0.015752666
58.688	0.009067804
58.692	0.033281938
58.696	0.008169953
58.7	-0.036265288
58.704	0.00502211
58.708	0.01511208
58.712	-0.02432479
58.716	0.014258556
58.72	0.016342156
58.724	-0.022869235
58.728	-0.012017697
58.732	0.032772917
58.736	0.012921516
58.74	-0.031021027
58.744	-0.023938424
58.748	0.024037383
58.752	0.02931541
58.756	-0.020085464
58.76	-0.020503347
58.764	0.010038089
58.768	0.010413642
58.772	0.008872028
58.776	-0.014837226
58.78	-0.002555332
58.784	-0.000576118
58.788	-0.003690417
58.792	0.007986948
58.796	0.020349878
58.8	-0.014971034
58.804	-0.014720559
58.808	-0.006389166
58.812	0.002978483
58.816	0.034611229
58.82	0.002198356
58.824	-0.031554406
58.828	-0.002263787
58.832	-0.002504196
58.836	0.000429779
58.84	0.026811662
58.844	0.004479469
58.848	-0.027240338
58.852	0.002283325
58.856	0.017085545
58.86	-0.01626288
58.864	-0.012414319
58.868	0.021752871
58.872	0.006661718
58.876	-0.016568134
58.88	0.008267925
58.884	0.008252957
58.888	-0.024496439
58.892	0.002448899
58.896	0.031065549
58.9	-0.012143998
58.904	-0.022403791
58.908	-0.008832941
58.912	0.032673658
58.916	0.020904632
58.92	-0.024604251
58.924	-0.025041701
58.928	-0.002186107
58.932	0.028307482
58.936	0.016747532
58.94	-0.018493523
58.944	-0.019591932
58.948	-0.002087929
58.952	0.016214443
58.956	0.023480879
58.96	0.000471173
58.964	-0.041787189
58.968	-0.021961581
58.972	0.046205977
58.976	0.026435558
58.98	-0.028303433
58.984	-0.002875484
58.988	-0.012069272
58.992	-0.01422299
58.996	0.028695643
59	0.022425207
59.004	-0.012315615
59.008	-0.037116403
59.012	0.006534704
59.016	0.039281086
59.02	-0.012579472
59.024	-0.025441807
59.028	0.007976347
59.032	0.012283882
59.036	0.003833614
59.04	-0.004435973
59.044	-0.009132022
59.048	-0.000874548
59.052	0.005302725
59.056	0.004934723
59.06	0.000165302
59.064	-0.006425795
59.068	-0.007268669
59.072	0.009769676
59.076	0.017936853
59.08	-0.014367042
59.084	-0.029876456
59.088	0.011586938
59.092	0.042958914
59.096	-0.010096075
59.1	-0.040109456
59.104	0.011260596
59.108	0.014957779
59.112	-0.004900134
59.116	0.005302586
59.12	0.000575189
59.124	-0.006562414
59.128	-0.006144149
59.132	0.004151264
59.136	0.008108312
59.14	-0.003950871
59.144	0.000201106
59.148	-0.005995952
59.152	-0.008216884
59.156	0.011724449
59.16	0.023716649
59.164	0.002824864
59.168	-0.034414755
59.172	-0.033461442
59.176	0.010783751
59.18	0.056318504
59.184	0.031262912
59.188	-0.031860012
59.192	-0.053781133
59.196	-0.045335753
59.2	0.009800819
59.204	0.163845189
59.208	0.064945905
59.212	-0.2222245
59.216	-0.05728349
59.22	0.103080427
59.224	-0.050002175
59.228	-0.004173841
59.232	0.248674886
59.236	0.067768914
59.24	-0.354693327
59.244	-0.119678114
59.248	0.124889523
59.252	0.161892781
59.256	0.096849811
59.26	-0.150951679
59.264	-0.087244678
59.268	0.094249678
59.272	0.038714846
59.276	-0.073462417
59.28	-0.026942678
59.284	0.040460951
59.288	0.010758102
59.292	-0.006226562
59.296	0.018411742
59.3	0.004809764
59.304	-0.02071754
59.308	-0.005566886
59.312	0.000475815
59.316	-0.010011915
59.32	-0.000723567
59.324	0.021027211
59.328	0.020146919
59.332	-0.016906304
59.336	-0.028283104
59.34	0.013439295
59.344	0.006795868
59.348	0.001999229
59.352	-0.003315119
59.356	0.003991522
59.36	0.008926861
59.364	-0.028267891
59.368	0.003080594
59.372	0.028291686
59.376	-0.011212254
59.38	-0.010336797
59.384	0.00045323
59.388	0.002680656
59.392	0.0180118
59.396	-0.004000372
59.4	-0.01927493
59.404	-0.020288974
59.408	0.012774704
59.412	0.047412103
59.416	-0.009185055
59.42	-0.024367147
59.424	-0.008888407
59.428	-0.019339982
59.432	0.030671925
59.436	0.024228152
59.44	-0.022436138
59.444	-0.00642257
59.448	0.005600434
59.452	-0.012821019
59.456	0.003446483
59.46	0.017563313
59.464	0.003278171
59.468	-0.011267245
59.472	-0.0197212
59.476	0.010790941
59.48	0.020024908
59.484	-0.003629266
59.488	-0.01746439
59.492	-0.000494769
59.496	0.009267785
59.5	-0.010639301
59.504	0.000312467
59.508	0.082889198
59.512	-0.028814282
59.516	-0.190865732
59.52	0.05240277
59.524	0.24652508
59.528	-0.0229646
59.532	-0.231630322
59.536	-0.007518176
59.54	0.156242081
59.544	0.028756488
59.548	-0.109369557
59.552	-0.025796499
59.556	0.091538314
59.56	0.028605719
59.564	-0.09293141
59.568	0.012531791
59.572	0.055370931
59.576	-0.078329461
59.58	0.000746677
59.584	0.095765508
59.588	-0.003794614
59.592	-0.058784707
59.596	-0.035881681
59.6	0.016513127
59.604	0.045031055
59.608	0.013468794
59.612	-0.016315487
59.616	-0.02552354
59.62	-0.013535485
59.624	0.019799967
59.628	0.021209343
59.632	0.003434242
59.636	-0.024986255
59.64	-0.018851109
59.644	0.027315925
59.648	0.009854993
59.652	-0.005934654
59.656	0.000573113
59.66	-0.01327856
59.664	-0.016156376
59.668	0.011499072
59.672	0.030799181
59.676	0.002364057
59.68	-0.024956158
59.684	-0.015222032
59.688	0.007853736
59.692	0.015201442
59.696	0.008209411
59.7	-0.014574216
59.704	-0.012392633
59.708	0.015392225
59.712	0.008972252
59.716	-0.012857575
59.72	-0.003490152
59.724	0.004396014
59.728	0.001062319
59.732	0.007945022
59.736	-0.001003119
59.74	-0.022119584
59.744	0.004868517
59.748	0.017613898
59.752	0.001906133
59.756	-0.000847879
59.76	-0.011519032
59.764	-0.006293445
59.768	0.005251342
59.772	0.00577394
59.776	0.002946728
59.78	-0.010307735
59.784	0.007489281
59.788	0.01822293
59.792	-0.026242913
59.796	-0.018251917
59.8	0.02696242
59.804	0.01503866
59.808	-0.015337752
59.812	-0.005657321
59.816	0.001385916
59.82	-0.009329874
59.824	0.00984976
59.828	0.021717679
59.832	-0.010041555
59.836	-0.025593512
59.84	-0.001573315
59.844	0.020749366
59.848	0.009703194
59.852	-0.006975886
59.856	-0.008990865
59.86	-0.009005954
59.864	0.008779377
59.868	0.013901521
59.872	-0.008348737
59.876	-0.008191772
59.88	0.00494714
59.884	0.002078701
59.888	-0.008056943
59.892	0.006095713
59.896	0.016971143
59.9	-0.017937376
59.904	-0.014957538
59.908	0.010923903
59.912	0.016024063
59.916	0.003352485
59.92	-0.014868899
59.924	-0.012271257
59.928	0.006821894
59.932	0.009817337
59.936	0.002310337
59.94	-0.002239872
59.944	-0.000315084
59.948	-0.006408479
59.952	-0.010085948
59.956	0.009641673
59.96	0.019407449
59.964	-0.004785511
59.968	-0.018185029
59.972	-0.002983005
59.976	0.01358344
59.98	-0.008529608
59.984	0.000156661
59.988	0.019644859
59.992	-0.006306489
59.996	-0.019730269
60	0.006855545
60.004	0.011989366
60.008	-0.006876101
60.012	-0.007959508
60.016	-0.001930841
60.02	0.010478678
60.024	0.019828112
60.028	-0.005398607
60.032	-0.031789735
60.036	-0.011189901
60.04	0.028046842
60.044	0.019049808
60.048	-0.014751964
60.052	-0.009219035
60.056	0.004114893
60.06	0.004030784
60.064	-0.007223461
60.068	-0.011418097
60.072	0.012636478
60.076	0.022567387
60.08	-0.009400564
60.084	-0.02623228
60.088	0.003968548
60.092	0.018998933
60.096	-0.008558771
60.1	-0.009792835
60.104	0.023123202
60.108	0.011162728
60.112	-0.024482046
60.116	-0.030439623
60.12	0.007533612
60.124	0.036460472
60.128	0.014861044
60.132	-0.009867934
60.136	-0.025895245
60.14	-0.017363727
60.144	0.013529835
60.148	0.016745904
60.152	0.012485314
60.156	0.006619382
60.16	-0.012760845
60.164	-0.033011753
60.168	-0.053815562
60.172	0.002685497
60.176	0.195174702
60.18	0.066039931
60.184	-0.280882267
60.188	0.007614392
60.192	0.07732003
60.196	-0.167908796
60.2	0.206941039
60.204	0.247384963
60.208	-0.229610415
60.212	-0.230889822
60.216	0.133360981
60.22	0.121493476
60.224	-0.082997101
60.228	-0.038190305
60.232	0.023551568
60.236	0.071726772
60.24	0.04662642
60.244	-0.106264606
60.248	-0.092731056
60.252	0.087459585
60.256	0.101593032
60.26	-0.048647778
60.264	-0.084982737
60.268	-0.012221796
60.272	0.062723814
60.276	0.062994259
60.28	-0.037641563
60.284	-0.045032434
60.288	0.007712315
60.292	-0.005843073
60.296	0.002662208
60.3	0.025378658
60.304	0.015833544
60.308	-0.02255984
60.312	-0.030032318
60.316	0.016420058
60.32	0.029794105
60.324	-0.009820191
60.328	-0.022021009
60.332	0.009466232
60.336	0.011533437
60.34	-0.019522148
60.344	-0.010631219
60.348	0.029646616
60.352	0.020102444
60.356	-0.026119013
60.36	-0.022917252
60.364	0.008091347
60.368	0.017071327
60.372	0.00681069
60.376	-0.009249961
60.38	-0.013783422
60.384	0.004494248
60.388	0.011248135
60.392	0.011727525
60.396	-0.010921025
60.4	-0.038366592
60.404	0.025313827
60.408	0.042060151
60.412	-0.028129376
60.416	-0.028370989
60.42	0.008904908
60.424	0.020651389
60.428	0.011222633
60.432	-0.006540995
60.436	-0.024895757
60.44	-0.018087903
60.444	0.025840283
60.448	0.032660016
60.452	-0.003775042
60.456	-0.034504688
60.46	-0.017645208
60.464	0.020162798
60.468	0.025626015
60.472	0.001320851
60.476	-0.022583866
60.48	-0.013692368
60.484	0.010361843
60.488	0.012745324
60.492	0.004668859
60.496	-0.004786543
60.5	-0.024367029
60.504	0.007921516
60.508	0.057386823
60.512	-0.040483544
60.516	-0.075812274
60.52	0.04922388
60.524	0.112461531
60.528	-0.08308588
60.532	-0.077036232
60.536	0.068571686
60.54	0.036556795
60.544	-0.022504439
60.548	-0.052910234
60.552	-0.002305589
60.556	0.073976631
60.56	0.024938158
60.564	-0.052113416
60.568	-0.053049106
60.572	0.002900278
60.576	0.056248773
60.58	0.028839104
60.584	-0.025319461
60.588	-0.029273894
60.592	-0.012839282
60.596	0.027169467
60.6	0.026504087
60.604	-0.024789728
60.608	-0.026972059
60.612	0.009775491
60.616	0.029076768
60.62	0.005221491
60.624	-0.017078695
60.628	-0.009348412
60.632	-0.005835123
60.636	0.00141028
60.64	0.024785868
60.644	0.005978975
60.648	-0.026722161
60.652	-0.015178947
60.656	0.017662204
60.66	0.022257341
60.664	0.004679509
60.668	-0.024676308
60.672	-0.029528525
60.676	0.015217307
60.68	0.040649686
60.684	0.004857898
60.688	-0.035818784
60.692	-0.016440671
60.696	0.018185392
60.7	0.009011078
60.704	0.001420117
60.708	0.005648815
60.712	-0.00344263
60.716	-0.015545868
60.72	-0.01183973
60.724	0.016239549
60.728	0.023415369
60.732	-0.005237834
60.736	-0.021557502
60.74	-0.008733677
60.744	0.011420686
60.748	0.013963397
60.752	-0.004765014
60.756	-0.010083755
60.76	0.008318935
60.764	0.009695178
60.768	-0.022171209
60.772	-0.00851297
60.776	0.025067615
60.78	-0.000728281
60.784	-0.003197755
60.788	0.009437208
60.792	-0.019967729
60.796	-0.013303475
60.8	0.021921998
60.804	0.012864489
60.808	-0.007313473
60.812	-0.00320723
60.816	-0.013394776
60.82	-0.011114421
60.824	0.026536228
60.828	0.024829806
60.832	-0.028274244
60.836	-0.031380096
60.84	0.025491964
60.844	0.025098841
60.848	-0.019493652
60.852	-0.010466946
60.856	0.002042855
60.86	0.000898751
60.864	0.019111065
60.868	-0.003574407
60.872	-0.017306234
60.876	0.007907454
60.88	-0.001124728
60.884	-0.009441967
60.888	0.00482187
60.892	0.0159051
60.896	-0.002696595
60.9	-0.011752086
60.904	0.010069303
60.908	-0.005547267
60.912	-0.018897492
60.916	0.014714479
60.92	0.018030592
60.924	-0.01230068
60.928	-0.011634017
60.932	0.016465445
60.936	0.003219322
60.94	-0.018631592
60.944	-0.002321718
60.948	0.008853972
60.952	0.010428018
60.956	-0.001708903
60.96	-0.017535125
60.964	0.00917369
60.968	0.016090698
60.972	-0.010836612
60.976	-0.023238372
60.98	0.009547334
60.984	0.028742572
60.988	-0.009754491
60.992	-0.016115961
60.996	0.00306969
61	7.18817E-05
61.004	-0.002866913
61.008	0.013022126
61.012	0.013261513
61.016	-0.02025004
61.02	-0.020373859
61.024	0.012622426
61.028	0.021356607
61.032	0.001450684
61.036	-0.026961602
61.04	-5.81612E-05
61.044	0.03022431
61.048	-0.004328733
61.052	-0.029539767
61.056	-0.001309994
61.06	0.02250842
61.064	0.00838112
61.068	-0.004459043
61.072	-0.000841476
61.076	-0.02082513
61.08	-0.011495852
61.084	0.022772925
61.088	0.017352009
61.092	0.021466379
61.096	-0.025462046
61.1	-0.090682372
61.104	0.047011532
61.108	0.117173202
61.112	-0.044100033
61.116	-0.105881757
61.12	0.045140598
61.124	0.074178002
61.128	-0.048241992
61.132	-0.090639264
61.136	0.011896898
61.14	0.183069712
61.144	0.038308102
61.148	-0.221180142
61.152	0.017404041
61.156	0.046688791
61.16	-0.143156665
61.164	0.16180671
61.168	0.222657779
61.172	-0.169879463
61.176	-0.218437079
61.18	0.053125166
61.184	0.199344651
61.188	-0.03056533
61.192	-0.124697955
61.196	-0.005312424
61.2	0.044556669
61.204	0.116571769
61.208	-0.037555933
61.212	-0.150870158
61.216	0.043190582
61.22	0.114504882
61.224	-0.031230067
61.228	-0.083066567
61.232	0.009759308
61.236	0.043133621
61.24	0.020640293
61.244	-0.004177559
61.248	-0.031653659
61.252	-2.38799E-05
61.256	0.012172212
61.26	0.001020781
61.264	-0.011906024
61.268	-0.011181097
61.272	0.025747961
61.276	0.020482701
61.28	-0.014936591
61.284	-0.033792115
61.288	-0.007224234
61.292	0.037077114
61.296	0.021742548
61.3	-0.017388726
61.304	-0.027198259
61.308	-0.003363809
61.312	0.015689072
61.316	0.005412035
61.32	0.005351653
61.324	0.003997454
61.328	-0.013525698
61.332	-0.017807229
61.336	0.012852671
61.34	0.02862592
61.344	-0.013183847
61.348	-0.029329056
61.352	0.009861917
61.356	0.02399001
61.36	-0.007631191
61.364	-0.016083793
61.368	0.004032795
61.372	0.021780511
61.376	0.001488821
61.38	-0.041235725
61.384	-0.008422308
61.388	0.052516613
61.392	0.019844579
61.396	-0.045073017
61.4	-0.032126817
61.404	0.028261591
61.408	0.038255469
61.412	-0.014318646
61.416	-0.034176825
61.42	-0.000234399
61.424	0.02773339
61.428	0.014330793
61.432	-0.019510601
61.436	-0.023961171
61.44	0.012900105
61.444	0.019518177
61.448	-0.009891885
61.452	-0.001482057
61.456	-0.000362132
61.46	-0.004207187
61.464	0.004135826
61.468	0.028371702
61.472	-0.010423588
61.476	-0.11728936
61.48	0.059337585
61.484	0.208067226
61.488	-0.143802877
61.492	-0.164649752
61.496	0.140426719
61.5	0.059345168
61.504	-0.048650931
61.508	-0.032936969
61.512	-0.009693677
61.516	0.040764541
61.52	0.037362555
61.524	-0.026711376
61.528	-0.061205767
61.532	0.001660457
61.536	0.05697148
61.54	0.020569359
61.544	-0.033124409
61.548	-0.015617813
61.552	-0.002623598
61.556	0.004986846
61.56	0.013797751
61.564	0.011912379
61.568	-0.005939995
61.572	-0.01873198
61.576	-0.009674063
61.58	0.0082082
61.584	0.020418789
61.588	0.017883904
61.592	-0.039800625
61.596	-0.010275543
61.6	0.020713454
61.604	0.007885836
61.608	0.004655123
61.612	-0.008247368
61.616	-0.007508449
61.62	-0.015044639
61.624	0.01108558
61.628	0.029638543
61.632	-0.019284652
61.636	-0.008743336
61.64	0.017331831
61.644	-0.016625279
61.648	-0.009559781
61.652	0.012547431
61.656	0.004446017
61.66	0.015450437
61.664	0.002085979
61.668	-0.052538232
61.672	0.013926893
61.676	0.042293639
61.68	-0.016658035
61.684	0.009601894
61.688	-0.02315286
61.692	-0.045092155
61.696	0.061760226
61.7	0.042028456
61.704	-0.038238058
61.708	-0.049770126
61.712	0.018521112
61.716	0.017093939
61.72	0.016997342
61.724	-0.009149844
61.728	-0.01607
61.732	0.012956554
61.736	0.010077324
61.74	-0.027056315
61.744	-0.001393183
61.748	0.018691209
61.752	-0.002281128
61.756	0.005493062
61.76	-0.004965098
61.764	0.00138636
61.768	-0.002940007
61.772	-0.032111166
61.776	0.017203098
61.78	0.070173598
61.784	-0.036390524
61.788	-0.067660319
61.792	0.02650936
61.796	0.046208631
61.8	-0.014441867
61.804	-0.028897929
61.808	0.02547583
61.812	0.005348722
61.816	-0.013492181
61.82	-0.002940702
61.824	0.004588422
61.828	-0.017118005
61.832	-0.000147848
61.836	0.037638634
61.84	0.013899036
61.844	-0.043375405
61.848	-0.031539309
61.852	0.046772419
61.856	0.021909518
61.86	-0.037926346
61.864	-0.007970774
61.868	0.022632887
61.872	0.002019363
61.876	-0.008612354
61.88	-0.003324026
61.884	0.008256711
61.888	0.002667472
61.892	-0.003773165
61.896	-0.010664523
61.9	-0.005268843
61.904	0.014382659
61.908	0.013678714
61.912	-0.009053648
61.916	-0.011162479
61.92	-0.001471946
61.924	0.000564399
61.928	0.008694211
61.932	0.013396047
61.936	-0.012455347
61.94	-0.022736632
61.944	0.007071031
61.948	0.030208072
61.952	0.008852194
61.956	-0.042438298
61.96	-0.021006413
61.964	0.046181074
61.968	0.026844783
61.972	-0.039255642
61.976	-0.023928811
61.98	0.027673836
61.984	0.018523193
61.988	-0.016591402
61.992	-0.0214312
61.996	0.008098689
62	0.029494285
62.004	0.001009047
62.008	-0.034574007
62.012	-0.008606951
62.016	0.035831817
62.02	0.003100384
62.024	-0.025692375
62.028	-0.002134502
62.032	0.018403929
62.036	0.00737383
62.04	-0.01216222
62.044	-0.002819825
62.048	-0.008419828
62.052	-0.01640997
62.056	0.029794091
62.06	0.040826805
62.064	-0.016008315
62.068	-0.052814429
62.072	-0.04323736
62.076	0.010047449
62.08	0.135473014
62.084	0.065199382
62.088	-0.191526326
62.092	-0.03487164
62.096	0.114207276
62.1	-0.121688249
62.104	-0.031853564
62.108	0.266056056
62.112	0.119905634
62.116	-0.284617004
62.12	-0.184102704
62.124	0.091507484
62.128	0.116376014
62.132	0.121776854
62.136	-0.047905974
62.14	-0.135542519
62.144	0.02768817
62.148	0.063928179
62.152	-0.018633114
62.156	-0.035850908
62.16	-0.007230025
62.164	0.023703567
62.168	0.023936593
62.172	-0.003000576
62.176	-0.018995241
62.18	-0.002764485
62.184	0.01742694
62.188	-0.00090893
62.192	-0.024247551
62.196	-0.003644138
62.2	0.022009982
62.204	0.007042216
62.208	-0.011763269
62.212	-0.000824743
62.216	0.010246501
62.22	-0.009678065
62.224	-0.010847108
62.228	0.001178069
62.232	0.019957418
62.236	0.009802984
62.24	-0.021624393
62.244	-0.012630704
62.248	0.01301794
62.252	0.005776488
62.256	-0.011470296
62.26	0.010881535
62.264	0.014857385
62.268	-0.017326963
62.272	-0.015397342
62.276	0.006447065
62.28	0.006877727
62.284	0.009710346
62.288	0.004982277
62.292	-0.010411859
62.296	-0.017463773
62.3	-0.001714168
62.304	0.024345498
62.308	0.012026801
62.312	-0.02169334
62.316	-0.014790804
62.32	0.014837362
62.324	0.011544725
62.328	-0.010206444
62.332	3.91843E-05
62.336	0.004888788
62.34	-0.014015947
62.344	-0.003471404
62.348	0.019515771
62.352	0.012909813
62.356	-0.019454776
62.36	-0.01832534
62.364	0.020034653
62.368	0.007465394
62.372	-0.011998828
62.376	-0.004353945
62.38	-0.008342821
62.384	0.002423126
62.388	0.067065027
62.392	0.047871913
62.396	-0.219596221
62.4	-0.084057455
62.404	0.327065621
62.408	0.113462563
62.412	-0.305407167
62.416	-0.110702713
62.42	0.167775513
62.424	0.114105258
62.428	-0.074207935
62.432	-0.112360491
62.436	0.045259755
62.44	0.126365293
62.444	-0.012394598
62.448	-0.167233079
62.452	-0.00777934
62.456	0.136968604
62.46	0.036810369
62.464	-0.052775335
62.468	-0.056450179
62.472	-0.013910189
62.476	0.035929632
62.48	0.045334653
62.484	-0.005258567
62.488	-0.035452224
62.492	-0.013270968
62.496	0.005781656
62.5	0.021308899
62.504	0.003347634
62.508	-0.017630315
62.512	0.007518084
62.516	0.015684841
62.52	-0.012808151
62.524	-0.027969101
62.528	0.000442598
62.532	0.037883407
62.536	0.027214518
62.54	-0.03230238
62.544	-0.045411204
62.548	0.008443276
62.552	0.053323404
62.556	0.003640564
62.56	-0.048223717
62.564	-0.004183525
62.568	0.038363423
62.572	0.011596715
62.576	-0.031110263
62.58	-0.02156911
62.584	0.017963442
62.588	0.027153242
62.592	-0.002597774
62.596	-0.031989976
62.6	0.001920329
62.604	0.027836249
62.608	-0.006154294
62.612	-0.012578342
62.616	0.004083926
62.62	-0.004533801
62.624	0.000462625
62.628	0.0068993
62.632	0.003955708
62.636	-0.003178085
62.64	-0.003264603
62.644	0.001509748
62.648	-0.007498079
62.652	-0.001194167
62.656	0.010206937
62.66	0.004954734
62.664	0.003031405
62.668	-0.014588236
62.672	-0.012061315
62.676	0.013513221
62.68	0.012888701
62.684	-0.005989273
62.688	-0.010782626
62.692	0.009788162
62.696	2.81337E-05
62.7	-0.01224093
62.704	0.011446724
62.708	0.003633266
62.712	-0.016633502
62.716	0.001745138
62.72	0.028697445
62.724	-0.006409186
62.728	-0.034819809
62.732	0.005252339
62.736	0.022917866
62.74	0.007717063
62.744	-0.006722191
62.748	-0.015960927
62.752	-0.005397012
62.756	0.010015002
62.76	0.016559139
62.764	4.26612E-05
62.768	-0.01820531
62.772	-0.012390657
62.776	-0.00179005
62.78	0.027198509
62.784	0.028927077
62.788	-0.022495652
62.792	-0.041304404
62.796	0.002540343
62.8	0.023861319
62.804	0.005104417
62.808	0.002515887
62.812	0.014645033
62.816	-0.012436051
62.82	-0.031745884
62.824	0.002704232
62.828	0.01943583
62.832	0.010425504
62.836	-0.002425379
62.84	-0.00215777
62.844	-0.001127047
62.848	-0.012355759
62.852	-0.005423846
62.856	0.013930878
62.86	0.013306305
62.864	-0.018343658
62.868	-0.014248756
62.872	0.026157233
62.876	0.016974722
62.88	-0.018301383
62.884	-0.026663609
62.888	-0.002261888
62.892	0.026855173
62.896	0.012958734
62.9	-0.009009212
62.904	-0.003690135
62.908	-0.008680504
62.912	-0.010224847
62.916	0.000689422
62.92	0.018582945
62.924	0.018707383
62.928	-0.015756541
62.932	-0.011823587
62.936	-0.011556407
62.94	-0.012347761
62.944	0.039543853
62.948	0.036234005
62.952	-0.041410591
62.956	-0.048738368
62.96	0.015397607
62.964	0.039251553
62.968	0.018384568
62.972	-0.014182927
62.976	-0.031128345
62.98	-0.003844264
62.984	0.015697442
62.988	0.006213969
62.992	0.006236618
62.996	-0.018344167
63	-0.002585215
63.004	0.041411643
63.008	0.009151075
63.012	-0.048400957
63.016	-0.083271141
63.02	-0.015185449
63.024	0.206095056
63.028	0.137915756
63.032	-0.289153595
63.036	-0.098315958
63.04	0.163080173
63.044	-0.110931745
63.048	0.054770184
63.052	0.245694541
63.056	-0.09680198
63.06	-0.222396524
63.064	0.033955844
63.068	0.145902024
63.072	-0.047419968
63.076	-0.074046235
63.08	0.035931798
63.084	0.037188878
63.088	0.054306321
63.092	-0.032212165
63.096	-0.099276555
63.1	0.0313636
63.104	0.075482357
63.108	-0.029553446
63.112	-0.042477373
63.116	0.009627814
63.12	0.010016207
63.124	0.025444764
63.128	0.018434754
63.132	-0.032013588
63.136	-0.027089818
63.14	0.010035972
63.144	0.02219203
63.148	0.004914486
63.152	-0.017481493
63.156	-0.011898481
63.16	0.014899892
63.164	0.014460368
63.168	-0.006177351
63.172	-0.005966715
63.176	-0.002216907
63.18	-0.002417618
63.184	-0.005983609
63.188	0.001033219
63.192	0.013637479
63.196	0.009016888
63.2	-0.0017872
63.204	-0.018793331
63.208	-0.010107836
63.212	0.014805589
63.216	0.006923594
63.22	-0.003457551
63.224	-0.000133711
63.228	0.002615041
63.232	-0.003975281
63.236	-0.010680316
63.24	0.011060976
63.244	0.01622148
63.248	-0.018823956
63.252	-0.014715042
63.256	0.012260083
63.26	0.017469016
63.264	-0.003926367
63.268	-0.014746415
63.272	-0.002945044
63.276	0.004812217
63.28	0.008695439
63.284	0.003242412
63.288	-0.002977808
63.292	-0.005095399
63.296	-0.013822124
63.3	-0.001849869
63.304	0.025859895
63.308	0.012141209
63.312	-0.016126256
63.316	-0.021834513
63.32	-0.005042128
63.324	0.01835474
63.328	0.029280252
63.332	-0.01036777
63.336	-0.033460046
63.34	-0.00270979
63.344	0.014156472
63.348	0.004855374
63.352	0.04368418
63.356	0.012301586
63.36	-0.163350264
63.364	0.006383041
63.368	0.243941915
63.372	-0.042087937
63.376	-0.21221965
63.38	0.059665504
63.384	0.098528964
63.388	-0.012155624
63.392	-0.061354921
63.396	-0.02353417
63.4	0.076867824
63.404	0.036192232
63.408	-0.058203185
63.412	-0.047660406
63.416	0.010502198
63.42	0.046575203
63.424	0.008485352
63.428	-0.026297996
63.432	0.009701182
63.436	0.005494806
63.44	-0.014336639
63.444	-0.008762929
63.448	-0.006204185
63.452	0.018883326
63.456	0.021663251
63.46	-0.008053712
63.464	-0.020949815
63.468	-0.012753675
63.472	0.01247196
63.476	0.020869235
63.48	-0.00426658
63.484	-0.01564137
63.488	0.004577441
63.492	0.006791932
63.496	-0.006149748
63.5	-0.002657225
63.504	-0.005983462
63.508	0.005956548
63.512	0.016328551
63.516	-0.002615653
63.52	-0.011261438
63.524	-0.0035212
63.528	-0.000529892
63.532	0.006309075
63.536	-0.006213484
63.54	-0.003373745
63.544	0.018887795
63.548	0.002439667
63.552	-0.013230825
63.556	-0.008633268
63.56	0.006543531
63.564	0.003587166
63.568	-0.006869924
63.572	0.011975202
63.576	-0.000871444
63.58	-0.013001749
63.584	0.010844503
63.588	0.006621894
63.592	-0.011864205
63.596	-0.009335781
63.6	0.00031593
63.604	0.013778674
63.608	0.015301509
63.612	-0.003901519
63.616	-0.023517425
63.62	-0.009520229
63.624	0.015000908
63.628	0.018447185
63.632	-0.006638158
63.636	-0.02306433
63.64	0.00765616
63.644	0.021409919
63.648	-0.001145373
63.652	-0.012000192
63.656	-0.01471397
63.66	-0.004455371
63.664	0.017953161
63.668	0.023842931
63.672	-0.006108995
63.676	-0.027967964
63.68	-0.005256272
63.684	0.012482101
63.688	0.009983813
63.692	-0.006119607
63.696	-0.002586486
63.7	0.007962723
63.704	-0.007878588
63.708	0.007515561
63.712	0.010284978
63.716	-0.031033074
63.72	-0.019641678
63.724	0.043869679
63.728	0.031873078
63.732	-0.040180675
63.736	-0.028428284
63.74	0.028916051
63.744	0.009220951
63.748	-0.013746404
63.752	0.001112549
63.756	-0.000864202
63.76	0.008368788
63.764	0.003445874
63.768	-0.016930318
63.772	0.005103068
63.776	0.014177696
63.78	-0.01019815
63.784	-0.019654602
63.788	0.008028277
63.792	0.035777517
63.796	-0.003367023
63.8	-0.038306096
63.804	-0.00301382
63.808	0.017704532
63.812	0.015757046
63.816	0.004956345
63.82	-0.026051145
63.824	-0.018657464
63.828	0.017632837
63.832	0.033794846
63.836	-0.001343249
63.84	-0.033669732
63.844	-0.012971532
63.848	0.014696413
63.852	0.015370528
63.856	0.002531215
63.86	-0.002423229
63.864	-0.012836516
63.868	-0.008750606
63.872	0.018426
63.876	0.011840694
63.88	-0.016053505
63.884	-0.013987141
63.888	0.003652505
63.892	0.014771224
63.896	0.005282764
63.9	-0.001071748
63.904	-0.009797935
63.908	-0.011410697
63.912	0.010925298
63.916	0.006755671
63.92	-0.008046386
63.924	0.00130962
63.928	0.010640601
63.932	-0.003636711
63.936	-0.017908369
63.94	0.002192501
63.944	0.013333108
63.948	0.015882446
63.952	-0.007046134
63.956	-0.034075607
63.96	0.004568904
63.964	0.028297298
63.968	0.003911443
63.972	-0.02259
63.976	-0.006979966
63.98	0.036935347
63.984	0.026425992
63.988	-0.061606044
63.992	-0.11492017
63.996	0.060817698
64	0.259729029
64.004	-0.046294404
64.008	-0.285904505
64.012	0.081286175
64.016	0.039670916
64.02	-0.118333026
64.024	0.206314846
64.028	0.170018497
64.032	-0.218592816
64.036	-0.213204466
64.04	0.126873501
64.044	0.196492931
64.048	-0.112854449
64.052	-0.10203528
64.056	0.042723141
64.06	0.076915872
64.064	0.070521301
64.068	-0.108876527
64.072	-0.094818549
64.076	0.094841102
64.08	0.07094332
64.084	-0.07487659
64.088	-0.039781612
64.092	0.051453267
64.096	-0.003199344
64.1	-0.004001555
64.104	0.030062965
64.108	-0.013888901
64.112	-0.025014339
64.116	-0.008732519
64.12	0.015342167
64.124	0.017932703
64.128	-0.022176814
64.132	-0.009890353
64.136	0.037271105
64.14	0.015506162
64.144	-0.0433284
64.148	-0.025637545
64.152	0.032402136
64.156	0.021900976
64.16	-0.011836543
64.164	-0.021626629
64.168	-0.000112177
64.172	0.037479223
64.176	0.00196009
64.18	-0.046227507
64.184	-0.016338756
64.188	0.038738919
64.192	0.034630518
64.196	-0.023741823
64.2	-0.029900088
64.204	0.001940366
64.208	0.015984441
64.212	0.014204754
64.216	-0.011239397
64.22	-0.010195818
64.224	0.005944608
64.228	-0.0104578
64.232	0.005851743
64.236	0.02563613
64.24	-0.003247879
64.244	-0.019096679
64.248	-0.014504032
64.252	-0.015827204
64.256	0.031705182
64.26	0.045967498
64.264	-0.02244656
64.268	-0.050717338
64.272	-0.008962929
64.276	0.047010975
64.28	0.029023895
64.284	-0.041082864
64.288	-0.033726991
64.292	0.044145483
64.296	0.014034507
64.3	-0.042634175
64.304	0.009867917
64.308	0.03792558
64.312	-0.032893143
64.316	-0.014433233
64.32	0.02488779
64.324	0.04123901
64.328	-0.026801492
64.332	-0.148923455
64.336	0.073334781
64.34	0.265981388
64.344	-0.161814526
64.348	-0.240255861
64.352	0.16962648
64.356	0.138365599
64.36	-0.095536308
64.364	-0.092262711
64.368	0.043841504
64.372	0.067267175
64.376	0.006497561
64.38	-0.04548547
64.384	-0.054885603
64.388	0.030627661
64.392	0.054655065
64.396	-0.006186605
64.4	-0.023091829
64.404	-0.020940612
64.408	0.029555189
64.412	-0.009372051
64.416	-0.033300332
64.42	0.031995396
64.424	0.049903323
64.428	-0.02951275
64.432	-0.078488846
64.436	0.046530231
64.44	0.034899974
64.444	-0.019372495
64.448	0.025130096
64.452	-0.054378423
64.456	0.006267713
64.46	0.057052233
64.464	-0.050730368
64.468	-0.005838966
64.472	0.019693732
64.476	0.005179178
64.48	0.024503059
64.484	-0.025032355
64.488	-0.048959307
64.492	0.042355866
64.496	0.023924247
64.5	-0.022202402
64.504	-0.00194329
64.508	0.006813479
64.512	-0.019905535
64.516	0.007424517
64.52	0.030824381
64.524	-0.033407624
64.528	0.014402137
64.532	0.00818352
64.536	-0.034450519
64.54	0.013067608
64.544	0.024830717
64.548	-0.02511437
64.552	0.019748571
64.556	0.00675973
64.56	-0.053118486
64.564	0.033703807
64.568	0.029547465
64.572	-0.014775635
64.576	-0.041958855
64.58	0.006878188
64.584	0.04388678
64.588	0.003049442
64.592	-0.029552705
64.596	-0.03021625
64.6	0.049052592
64.604	0.006975531
64.608	-0.028461068
64.612	0.00441476
64.616	-0.012796271
64.62	0.022408874
64.624	-0.002740359
64.628	-0.004778691
64.632	0.025676309
64.636	-0.032317487
64.64	-0.019674979
64.644	0.022118962
64.648	0.016238982
64.652	0.005476468
64.656	-0.006653262
64.66	-0.02419467
64.664	0.001627321
64.668	0.009440662
64.672	0.005165783
64.676	0.015620623
64.68	-0.013753842
64.684	-0.015072209
64.688	0.010781835
64.692	-0.0076187
64.696	0.009642973
64.7	0.017564988
64.704	-0.021140971
64.708	-0.021685114
64.712	0.022313457
64.716	0.023779857
64.72	-0.016176915
64.724	-0.02008705
64.728	0.011736128
64.732	0.009307359
64.736	-0.010424974
64.74	-0.008159537
64.744	0.01450609
64.748	0.005410628
64.752	-0.011290688
64.756	0.006469698
64.76	0.009072182
64.764	-0.016371285
64.768	-0.015967844
64.772	0.007022273
64.776	0.018407431
64.78	0.015646709
64.784	-0.012258956
64.788	-0.005676072
64.792	-0.011539108
64.796	-0.025304434
64.8	0.030694108
64.804	0.026268727
64.808	-0.016840398
64.812	-0.00158864
64.816	0.010015372
64.82	-0.030257582
64.824	-0.024854165
64.828	0.035085629
64.832	0.050275193
64.836	-0.024836104
64.84	-0.048362186
64.844	0.011206124
64.848	0.018394196
64.852	0.00286467
64.856	0.004489738
64.86	-0.002988029
64.864	-0.006842311
64.868	-0.012448424
64.872	0.006456669
64.876	0.014726899
64.88	-0.003302759
64.884	-0.005700534
64.888	0.005117806
64.892	-0.001657375
64.896	-0.026578712
64.9	0.016890877
64.904	0.048838269
64.908	-0.018355581
64.912	-0.070400159
64.916	0.000562046
64.92	0.075833249
64.924	0.02795724
64.928	-0.02944074
64.932	-0.074426602
64.936	-0.061633944
64.94	0.086125443
64.944	0.188855113
64.948	-0.063398558
64.952	-0.218362163
64.956	0.040224114
64.96	0.056289175
64.964	-0.073160573
64.968	0.116745592
64.972	0.223133428
64.976	-0.14430927
64.98	-0.290156699
64.984	0.019422852
64.988	0.141851761
64.992	0.141859511
64.996	-0.015975103
65	-0.156163065
65.004	0.000982019
65.008	0.10188761
65.012	-0.006390443
65.016	-0.073263092
65.02	-0.009279061
65.024	0.03201728
65.028	0.008978939
65.032	0.008265958
65.036	0.014806549
65.04	0.001728777
65.044	-0.012520739
65.048	-0.037474732
65.052	-0.016823532
65.056	0.03654304
65.06	0.035877763
65.064	-0.003860339
65.068	-0.033346408
65.072	-0.011576767
65.076	0.017150068
65.08	0.003875334
65.084	-0.004244535
65.088	0.001331194
65.092	0.002763137
65.096	0.008009043
65.1	-0.002612696
65.104	-0.016985657
65.108	-0.007091094
65.112	0.01613471
65.116	0.009511708
65.12	-0.007351555
65.124	0.007075805
65.128	-0.004912882
65.132	-0.021551488
65.136	0.008880666
65.14	0.020822226
65.144	-0.003024132
65.148	-0.013397131
65.152	0.005526881
65.156	0.002729693
65.16	-0.020691617
65.164	-0.002690801
65.168	0.038686518
65.172	0.012579826
65.176	-0.036629145
65.18	-0.017619421
65.184	0.019216034
65.188	0.010692584
65.192	-0.015218327
65.196	-0.00187734
65.2	0.022072989
65.204	0.004439508
65.208	-0.013892993
65.212	-0.017790791
65.216	-0.002126374
65.22	0.024217003
65.224	0.012537183
65.228	-0.020778337
65.232	-0.019001239
65.236	0.006681184
65.24	0.010910395
65.244	0.024288229
65.248	0.078441293
65.252	-0.119512763
65.256	-0.20447473
65.26	0.217265219
65.264	0.258393527
65.268	-0.22052036
65.272	-0.196394909
65.276	0.131563229
65.28	0.113889558
65.284	-0.067410695
65.288	-0.064630592
65.292	0.041336315
65.296	0.029587112
65.3	0.000873939
65.304	0.026254728
65.308	-0.051099785
65.312	-0.09447812
65.316	0.070261316
65.32	0.106018288
65.324	-0.021061038
65.328	-0.082288483
65.332	-0.018289961
65.336	0.034224211
65.34	0.023706346
65.344	0.007506974
65.348	-0.017839404
65.352	-0.029013074
65.356	0.025349064
65.36	0.032569182
65.364	-0.037209422
65.368	-0.034748378
65.372	0.040524602
65.376	0.040789591
65.38	-0.030283898
65.384	-0.041821437
65.388	0.009941819
65.392	0.030265345
65.396	0.007319754
65.4	-0.004938947
65.404	-0.021218743
65.408	-0.009500718
65.412	0.019627402
65.416	0.009550697
65.42	-0.005014573
65.424	-0.006541881
65.428	-0.003990799
65.432	-0.000918447
65.436	0.005728313
65.44	0.009447351
65.444	2.17127E-05
65.448	-0.014663548
65.452	-0.015080241
65.456	0.013097269
65.46	0.033914657
65.464	-0.011407002
65.468	-0.035141377
65.472	0.009935322
65.476	0.023104478
65.48	-0.012970239
65.484	-0.013196015
65.488	0.015513043
65.492	0.011544624
65.496	-0.014641748
65.5	-0.005553836
65.504	0.008977059
65.508	-0.008902798
65.512	-0.000315422
65.516	0.013908409
65.52	0.003110994
65.524	-0.008010413
65.528	-0.011484953
65.532	-0.004109163
65.536	0.014602388
65.54	0.014662388
65.544	-0.005441971
65.548	-0.020386143
65.552	-0.015623655
65.556	0.025706298
65.56	0.02974704
65.564	-0.024830064
65.568	-0.028844977
65.572	0.015643098
65.576	0.023949171
65.58	-0.001625264
65.584	-0.025116721
65.588	-0.008049651
65.592	0.016805321
65.596	0.009939463
65.6	0.005724805
65.604	0.001441353
65.608	-0.021750105
65.612	-0.027527515
65.616	0.021857267
65.62	0.0452831
65.624	-0.008480819
65.628	-0.041813102
65.632	-0.004485038
65.636	0.023147045
65.64	0.009695216
65.644	-0.009571673
65.648	-0.005164223
65.652	0.010402842
65.656	-0.005402358
65.66	-0.011265178
65.664	0.004881369
65.668	0.008234164
65.672	0.000665186
65.676	0.001418112
65.68	-0.001859686
65.684	-0.007998769
65.688	-0.003833376
65.692	0.007294977
65.696	0.007142005
65.7	-0.002548178
65.704	-0.005388395
65.708	-0.003899364
65.712	0.006284483
65.716	0.010685315
65.72	-0.007263277
65.724	-0.018127924
65.728	0.003481811
65.732	0.018897123
65.736	0.00412992
65.74	-0.011186295
65.744	-0.01181732
65.748	0.007782696
65.752	0.012098463
65.756	-0.005278022
65.76	-0.006354641
65.764	-0.011190789
65.768	0.00823166
65.772	0.017330058
65.776	-0.003152249
65.78	-0.005426963
65.784	-0.004648427
65.788	-0.006974289
65.792	0.000976723
65.796	0.003078428
65.8	0.004925184
65.804	0.012531313
65.808	2.42985E-05
65.812	-0.025730057
65.816	-0.005479768
65.82	0.029584174
65.824	0.004581125
65.828	-0.029124157
65.832	-0.002405523
65.836	0.029076838
65.84	-0.002004685
65.844	-0.024699765
65.848	0.005085427
65.852	0.015311439
65.856	0.002108254
65.86	-0.006458577
65.864	-0.010177759
65.868	-0.005142148
65.872	0.008348831
65.876	0.009299488
65.88	0.004265925
65.884	-0.001291357
65.888	0.007974458
65.892	-0.010347823
65.896	-0.047028214
65.9	-0.040245277
65.904	0.052974396
65.908	0.202460976
65.912	-0.047147468
65.916	-0.269150958
65.92	0.091066233
65.924	0.008085237
65.928	-0.096137735
65.932	0.256361097
65.936	0.105100858
65.94	-0.2460426
65.944	-0.115389007
65.948	0.140020135
65.952	0.021099849
65.956	-0.065947454
65.96	0.02741177
65.964	0.019448558
65.968	0.063893894
65.972	-0.000290196
65.976	-0.128892472
65.98	-0.007739908
65.984	0.097356093
65.988	0.019504235
65.992	-0.049956576
65.996	-0.028535751
66	0.003334867
66.004	0.033423331
66.008	0.044330125
66.012	-0.032786002
66.016	-0.04592087
66.02	0.017245084
66.024	0.011563398
66.028	0.00586206
66.032	0.001788963
66.036	-0.016336908
66.04	0.006539598
66.044	0.00806371
66.048	-0.006619107
66.052	0.00344396
66.056	0.00464719
66.06	-0.001627012
66.064	-0.009688813
66.068	-0.010040419
66.072	0.003776335
66.076	0.016598363
66.08	0.008282705
66.084	-0.006219631
66.088	-0.006154551
66.092	-0.006493006
66.096	-0.010115769
66.1	0.002407502
66.104	0.025029913
66.108	0.006385882
66.112	-0.023447358
66.116	-0.0018146
66.12	0.00796708
66.124	-0.017905856
66.128	0.014468921
66.132	0.029425013
66.136	-0.022330742
66.14	-0.034942315
66.144	0.018485001
66.148	0.034850853
66.152	-0.008239987
66.156	-0.020806443
66.16	-0.011791448
66.164	0.00629312
66.168	0.020707325
66.172	-0.000494996
66.176	-0.010613886
66.18	3.04984E-05
66.184	0.000817927
66.188	-0.002521335
66.192	0.003530091
66.196	0.006121755
66.2	-0.00531609
66.204	-0.018115019
66.208	0.004246253
66.212	0.028715634
66.216	0.01011407
66.22	-0.025736655
66.224	-0.02589407
66.228	-0.003635098
66.232	0.02429555
66.236	0.079787116
66.24	-0.019138051
66.244	-0.188604322
66.248	0.022097155
66.252	0.281121223
66.256	-0.058465522
66.26	-0.255980623
66.264	0.076857086
66.268	0.12937489
66.272	0.006042609
66.276	-0.091254363
66.28	-0.074270789
66.284	0.092696998
66.288	0.106677235
66.292	-0.048910647
66.296	-0.124466287
66.3	-0.010918187
66.304	0.102899271
66.308	0.045412529
66.312	-0.06117005
66.316	-0.039290471
66.32	0.029010446
66.324	0.023213612
66.328	-0.016005807
66.332	-0.017805198
66.336	0.007031193
66.34	0.019423889
66.344	0.00397016
66.348	-0.014078505
66.352	-0.016623167
66.356	0.006404783
66.36	0.01408642
66.364	0.006598844
66.368	0.0020414
66.372	-0.024266318
66.376	-0.004372417
66.38	0.026738714
66.384	-0.005378162
66.388	-0.0213758
66.392	0.008064546
66.396	0.026244655
66.4	-0.000684431
66.404	-0.031689776
66.408	-0.006099729
66.412	0.019416244
66.416	0.009988724
66.42	0.002551046
66.424	-0.014512057
66.428	-0.013061739
66.432	0.015606727
66.436	0.007873645
66.44	-0.0096412
66.444	-0.001515552
66.448	0.012593243
66.452	-0.008569717
66.456	-0.02102274
66.46	0.016824129
66.464	0.018204244
66.468	-0.007168213
66.472	-0.008539905
66.476	-0.005897066
66.48	-0.001533682
66.484	0.002718971
66.488	0.011443918
66.492	0.008056222
66.496	-0.016212619
66.5	-0.0119394
66.504	0.015975688
66.508	0.010039874
66.512	-0.016901297
66.516	-0.005095518
66.52	0.010338437
66.524	0.001513299
66.528	0.008751428
66.532	-0.000389517
66.536	-0.025138688
66.54	-0.00677207
66.544	0.031269307
66.548	0.012691926
66.552	-0.022628812
66.556	-0.01357418
66.56	0.006437507
66.564	0.009544631
66.568	0.002840577
66.572	-0.00100453
66.576	-0.000212539
66.58	-0.000210512
66.584	-0.012990724
66.588	-0.006599199
66.592	0.021746023
66.596	0.01068481
66.6	-0.009305343
66.604	-0.014427622
66.608	-0.004111127
66.612	0.000868239
66.616	0.014549616
66.62	0.022386489
66.624	-0.018448947
66.628	-0.032896052
66.632	0.006368758
66.636	0.029020198
66.64	0.009577412
66.644	-0.01742483
66.648	-0.009116635
66.652	-0.004273683
66.656	0.001379731
66.66	0.019996568
66.664	0.005365686
66.668	-0.019767228
66.672	-0.008447267
66.676	0.010233863
66.68	0.006929895
66.684	-0.000947172
66.688	-0.00130583
66.692	-0.010631615
66.696	0.002477624
66.7	0.019263192
66.704	-0.014512643
66.708	-0.011138444
66.712	0.022943056
66.716	0.001453023
66.72	-0.031631985
66.724	0.000856401
66.728	0.032714066
66.732	-0.002005982
66.736	-0.006586914
66.74	-0.002622462
66.744	-0.018625064
66.748	0.005037759
66.752	0.013414567
66.756	0.000253492
66.76	0.003321505
66.764	0.00282765
66.768	-0.013195687
66.772	-0.014496202
66.776	0.017498087
66.78	0.01814151
66.784	-0.009737638
66.788	-0.018196934
66.792	-0.007710675
66.796	0.018242471
66.8	0.021758644
66.804	-0.01053359
66.808	-0.028807029
66.812	0.004758301
66.816	0.024490665
66.82	-0.003558911
66.824	-0.012297442
66.828	0.001337882
66.832	-0.002718721
66.836	-0.00022084
66.84	0.011707061
66.844	0.009832958
66.848	-0.00216278
66.852	-0.029931875
66.856	-0.01770317
66.86	0.025370165
66.864	0.047882454
66.868	0.012705611
66.872	-0.056001829
66.876	-0.064037003
66.88	-0.017888761
66.884	0.083045156
66.888	0.175900618
66.892	-0.08670141
66.896	-0.220052178
66.9	0.120861142
66.904	-0.008088154
66.908	-0.136514839
66.912	0.228641279
66.916	0.159789396
66.92	-0.21232204
66.924	-0.195401663
66.928	0.110465697
66.932	0.188298851
66.936	-0.085412803
66.94	-0.109139794
66.944	0.007675629
66.948	0.068319662
66.952	0.107160053
66.956	-0.058751135
66.96	-0.143324955
66.964	0.040343136
66.968	0.105879875
66.972	-0.027047227
66.976	-0.054127807
66.98	0.001391675
66.984	0.017755626
66.988	0.028217232
66.992	0.003869144
66.996	-0.027253083
67	-0.014637991
67.004	0.012499652
67.008	0.025971116
67.012	-0.016027084
67.016	-0.040243036
67.02	0.012583351
67.024	0.0478874
67.028	0.010977578
67.032	-0.034320622
67.036	-0.022603961
67.04	0.0050419
67.044	0.008195464
67.048	0.017207163
67.052	0.009044195
67.056	-0.020478026
67.06	-0.013952071
67.064	0.015697097
67.068	0.003783745
67.072	-0.012184621
67.076	0.015870824
67.08	0.008439711
67.084	-0.023828838
67.088	-0.005750056
67.092	0.007510399
67.096	0.003422746
67.1	0.014880589
67.104	0.012138726
67.108	-0.025443951
67.112	-0.036760825
67.116	0.021739995
67.12	0.041328025
67.124	-0.002677838
67.128	-0.017111352
67.132	-0.022362806
67.136	-0.005280351
67.14	0.021442457
67.144	0.013610068
67.148	0.001143757
67.152	-0.00949359
67.156	-0.019644686
67.16	0.000303858
67.164	0.023075437
67.168	0.005599429
67.172	-0.016493463
67.176	-0.007318772
67.18	0.011803754
67.184	0.005598546
67.188	-0.013881731
67.192	-0.006501955
67.196	0.023279166
67.2	0.005153794
67.204	-0.022452916
67.208	-0.006827592
67.212	0.007684279
67.216	0.025341694
67.22	0.019329392
67.224	-0.067100566
67.228	-0.082357493
67.232	0.148020732
67.236	0.100091511
67.24	-0.154032716
67.244	-0.049862435
67.248	0.049036119
67.252	0.021138511
67.256	-0.014992481
67.26	0.005915634
67.264	0.050610067
67.268	-0.005241138
67.272	-0.055364638
67.276	-0.033559291
67.28	0.018414658
67.284	0.052907198
67.288	0.017392753
67.292	-0.042118965
67.296	-0.025233793
67.3	0.028632566
67.304	0.023992149
67.308	-0.02417256
67.312	-0.02612004
67.316	0.012790242
67.32	0.029182587
67.324	0.00706671
67.328	-0.027401631
67.332	-0.022866836
67.336	0.014464854
67.34	0.0304346
67.344	0.009251638
67.348	-0.031797184
67.352	-0.025360303
67.356	0.024661103
67.36	0.021179574
67.364	-0.019233794
67.368	0.002349769
67.372	0.014913647
67.376	-0.019640282
67.38	-0.00761996
67.384	0.016846796
67.388	-0.002558134
67.392	-0.007236831
67.396	0.012053041
67.4	0.002055465
67.404	-0.015200817
67.408	0.000363942
67.412	0.009735828
67.416	0.005270345
67.42	-0.010822377
67.424	-0.00384515
67.428	0.005903493
67.432	-0.004656362
67.436	0.008864658
67.44	0.00795925
67.444	-0.012143447
67.448	-0.006241135
67.452	-0.000797952
67.456	0.006202532
67.46	0.012763327
67.464	-0.005813948
67.468	-0.019816148
67.472	0.001105849
67.476	0.027830275
67.48	0.006278569
67.484	-0.030913052
67.488	-0.014258372
67.492	0.022908324
67.496	0.027332354
67.5	-0.019539381
67.504	-0.037641621
67.508	0.025275914
67.512	0.034906958
67.516	-0.022961172
67.52	-0.026646764
67.524	0.009549559
67.528	0.021853243
67.532	0.000655758
67.536	-0.01219905
67.54	-0.006113011
67.544	-0.006936493
67.548	0.014828288
67.552	0.01242321
67.556	-0.006550969
67.56	-0.004987578
67.564	-0.016699764
67.568	-0.004853232
67.572	0.030989263
67.576	0.015438477
67.58	-0.029813478
67.584	-0.020314574
67.588	0.018228582
67.592	0.022243706
67.596	-0.010753195
