40.592	-0.012312773
40.596	-0.013388738
40.6	0.011902572
40.604	0.016895008
40.608	-0.01500947
40.612	-0.019283579
40.616	0.023148674
40.62	0.016258578
40.624	-0.011852192
40.628	-0.018724739
40.632	-0.009992508
40.636	0.01254447
40.64	0.032905503
40.644	-0.005000842
40.648	-0.033467022
40.652	-0.004181681
40.656	0.017709374
40.66	0.014756352
40.664	-0.019032674
40.668	0.001496062
40.672	0.014401138
40.676	-0.010137004
40.68	-0.010997362
40.684	0.001485288
40.688	0.021675374
40.692	-0.011969454
40.696	-0.019312553
40.7	0.030912232
40.704	0.001902323
40.708	-0.018067627
40.712	-0.013162743
40.716	0.002590203
40.72	0.024954996
40.724	0.01688294
40.728	-0.022462935
40.732	-0.05576748
40.736	0.030985982
40.74	0.081633002
40.744	-0.035216022
40.748	-0.058199313
40.752	-0.011939291
40.756	0.026905483
40.76	0.05639995
40.764	-0.005617581
40.768	-0.047202082
40.772	-0.01212637
40.776	0.021727956
40.78	0.017192577
40.784	-0.019259773
40.788	-0.003173658
40.792	0.003598815
40.796	0.008646457
40.8	0.015895171
40.804	-0.02118999
40.808	-0.020616332
40.812	0.044655817
40.816	0.021905454
40.82	-0.124329447
40.824	-0.000105086
40.828	0.163807238
40.832	0.020295146
40.836	-0.133747469
40.84	-0.054981317
40.844	0.059290052
40.848	0.078750245
40.852	-0.026673573
40.856	-0.066173317
40.86	0.025578634
40.864	0.044539829
40.868	-0.01555408
40.872	-0.036326408
40.876	0.013256879
40.88	0.022159271
40.884	-0.029402836
40.888	-0.010649605
40.892	0.039241855
40.896	0.026248949
40.9	-0.019950992
40.904	-0.043024053
40.908	-0.022507811
40.912	0.038228934
40.916	0.027573014
40.92	-0.012872608
40.924	0.012388583
40.928	0.004735323
40.932	-0.047584003
40.936	-0.017561106
40.94	0.037370237
40.944	0.029612114
40.948	-0.008965187
40.952	-0.024020222
40.956	-0.005271084
40.96	-0.005951321
40.964	0.019675117
40.968	0.039423967
40.972	-0.016574497
40.976	-0.071738787
40.98	-0.014937399
40.984	0.0923659
40.988	0.040293526
40.992	-0.074237346
40.996	-0.048210029
41	0.034581095
41.004	0.04707825
41.008	-0.006583279
41.012	-0.033094162
41.016	-0.011187407
41.02	0.016720507
41.024	0.018553099
41.028	-0.008330054
41.032	-0.018790907
41.036	0.009094136
41.04	0.017095704
41.044	-0.005186111
41.048	-0.013715534
41.052	-0.004865538
41.056	-0.005970373
41.06	0.02953505
41.064	0.014883154
41.068	-0.03399905
41.072	-0.022341629
41.076	0.016163224
41.08	0.033396032
41.084	0.006878251
41.088	-0.027447331
41.092	-0.031749059
41.096	0.004939843
41.1	0.033244587
41.104	0.024384762
41.108	-0.002134421
41.112	-0.012264188
41.116	-0.078784586
41.12	-0.043944982
41.124	0.163422404
41.128	0.121368321
41.132	-0.211853069
41.136	-0.125851184
41.14	0.153392678
41.144	0.086181742
41.148	-0.059182973
41.152	-0.046288489
41.156	0.005567689
41.16	0.027501605
41.164	0.010541524
41.168	-0.023734616
41.172	-0.014070367
41.176	0.009961266
41.18	0.021028443
41.184	-0.002445214
41.188	-0.01743572
41.192	0.005932422
41.196	0.014653404
41.2	-0.014837829
41.204	-0.013213909
41.208	0.008390952
41.212	0.012731668
41.216	0.005290102
41.22	-0.007038112
41.224	-0.00946288
41.228	-9.97256E-05
41.232	0.003067062
41.236	-0.002586983
41.24	0.005194701
41.244	0.008968017
41.248	0.004276499
41.252	-0.016333286
41.256	-0.018250581
41.26	0.015547531
41.264	0.012193798
41.268	-0.006934134
41.272	0.005841679
41.276	0.013668192
41.28	-0.020784657
41.284	-0.023066918
41.288	0.004818911
41.292	0.02546448
41.296	0.023006757
41.3	-0.020207903
41.304	-0.022259617
41.308	0.005225358
41.312	0.007381646
41.316	0.001927073
41.32	0.002006425
41.324	-0.00855171
41.328	-0.001936866
41.332	0.018106847
41.336	0.006545425
41.34	-0.013817258
41.344	-0.021000887
41.348	-0.004048268
41.352	0.024488154
41.356	0.012986714
41.36	-0.007192207
41.364	-0.000374528
41.368	-0.015055652
41.372	-0.01479113
41.376	0.024437644
41.38	0.01243065
41.384	-0.013047601
41.388	-0.010436793
41.392	0.001970852
41.396	0.007744859
41.4	0.005429685
41.404	0.003231361
41.408	-0.008131117
41.412	-0.014349631
41.416	-0.012450296
41.42	0.029353799
41.424	0.030802568
41.428	-0.026010772
41.432	-0.033060962
41.436	0.005568176
41.44	0.02716056
41.444	2.23761E-06
41.448	-0.016735556
41.452	0.011964368
41.456	0.009060839
41.46	-0.013077834
41.464	-0.020071547
41.468	0.012350415
41.472	0.022538058
41.476	-0.011899006
41.48	-0.010915948
41.484	0.00969103
41.488	0.006568738
41.492	-0.00079029
41.496	-0.015529486
41.5	-0.01134734
41.504	0.015451415
41.508	0.022559538
41.512	-0.023878262
41.516	-0.013877961
41.52	0.064131058
41.524	-0.006219863
41.528	-0.108400531
41.532	0.004153606
41.536	0.11375628
41.54	0.012619894
41.544	-0.078235481
41.548	-0.013605682
41.552	0.045571224
41.556	-0.003213944
41.56	-0.040958641
41.564	0.015323761
41.568	0.043806965
41.572	-0.008839319
41.576	-0.037549376
41.58	-0.007493881
41.584	0.031531016
41.588	0.012079154
41.592	-0.023967144
41.596	-0.004087094
41.6	0.001510093
41.604	0.006774679
41.608	0.023367352
41.612	-0.019588626
41.616	-0.032547426
41.62	0.017712364
41.624	0.028797552
41.628	-0.000728947
41.632	-0.010829108
41.636	-0.019687731
41.64	-0.00086079
41.644	0.012449769
41.648	0.00542531
41.652	0.01015451
41.656	0.000393611
41.66	-0.017978873
41.664	-0.007658163
41.668	0.000392501
41.672	-0.008109603
41.676	0.028573714
41.68	0.03384066
41.684	-0.021798315
41.688	-0.053541034
41.692	-0.010852013
41.696	0.038747196
41.7	0.041647948
41.704	-0.009655145
41.708	-0.038031161
41.712	-0.013755135
41.716	0.010848014
41.72	0.022422243
41.724	0.006603488
41.728	-0.009932442
41.732	-0.007606931
41.736	-0.010959212
41.74	0.004219917
41.744	0.021438685
41.748	0.003116861
41.752	-0.02925343
41.756	-0.009753394
41.76	0.028202968
41.764	0.027196527
41.768	-0.023115784
41.772	-0.039220082
41.776	0.017636052
41.78	0.030498817
41.784	-0.020485962
41.788	-0.008072666
41.792	0.02822656
41.796	0.003686221
41.8	-0.039726507
41.804	-0.022663572
41.808	0.041264666
41.812	0.062364138
41.816	-0.023847539
41.82	-0.120628652
41.824	-0.03803341
41.828	0.228181335
41.832	0.078624396
41.836	-0.290158682
41.84	-0.047188992
41.844	0.148301731
41.848	0.076538661
41.852	0.024907295
41.856	-0.089813758
41.86	-0.122381878
41.864	0.026116122
41.868	0.178834061
41.872	-0.004397678
41.876	-0.127723257
41.88	-0.02082119
41.884	0.065080003
41.888	0.045308184
41.892	-0.045774897
41.896	-0.042517364
41.9	0.016251555
41.904	0.045537265
41.908	0.022924933
41.912	-0.05348229
41.916	-0.043701772
41.92	0.041778183
41.924	0.053190415
41.928	-0.017788434
41.932	-0.046219
41.936	-0.015585349
41.94	0.019588432
41.944	0.030457499
41.948	0.022684611
41.952	0.005654814
41.956	-0.069893456
41.96	-0.038962105
41.964	0.058282012
41.968	0.04357865
41.972	-0.005616085
41.976	-0.026570045
41.98	-0.027231525
41.984	0.009819528
41.988	0.031270586
41.992	-0.014189427
41.996	-0.024389323
42	0.030041026
42.004	0.011389226
42.008	-0.02964858
42.012	0.002004818
42.016	0.005530188
42.02	-0.003471013
42.024	0.016423681
42.028	0.007964988
42.032	-0.025932589
42.036	-0.014213022
42.04	0.006732882
42.044	0.020763372
42.048	0.032830883
42.052	-0.021299306
42.056	-0.052027403
42.06	0.002747519
42.064	0.023898242
42.068	0.011923255
42.072	0.077798053
42.076	-0.029396762
42.08	-0.207705001
42.084	0.074421099
42.088	0.265952697
42.092	-0.156888104
42.096	-0.168221264
42.1	0.180374391
42.104	0.050783181
42.108	-0.201953152
42.112	0.075627376
42.116	0.164592938
42.12	-0.149782577
42.124	-0.064219663
42.128	0.137237781
42.132	-0.032375979
42.136	-0.082642661
42.14	0.067768459
42.144	0.067991876
42.148	-0.067013901
42.152	-0.098477651
42.156	0.057661853
42.16	0.106259718
42.164	-0.00923892
42.168	-0.066962329
42.172	-0.046854298
42.176	-0.007703274
42.18	0.035685892
42.184	0.085871572
42.188	0.043538253
42.192	-0.161894195
42.196	-0.033574135
42.2	0.127241143
42.204	-0.027979652
42.208	-0.020854806
42.212	0.052169697
42.216	-0.04712748
42.22	-0.036442153
42.224	0.046842248
42.228	-0.001891912
42.232	0.012692597
42.236	0.016403618
42.24	-0.059793312
42.244	-0.02780768
42.248	0.064154215
42.252	0.08578132
42.256	-0.090201119
42.26	-0.092451812
42.264	0.080130455
42.268	0.040656993
42.272	-0.00665296
42.276	-0.023418599
42.28	-0.049001404
42.284	0.026680724
42.288	0.082626899
42.292	-0.010649806
42.296	-0.12393221
42.3	0.029830138
42.304	0.073338711
42.308	-0.008446623
42.312	-0.022673491
42.316	-0.01823424
42.32	0.006839241
42.324	0.029575102
42.328	0.003149215
42.332	-0.032651394
42.336	-0.007830397
42.34	0.016801746
42.344	0.003289682
42.348	-0.001158662
42.352	0.006735971
42.356	0.010905805
42.36	-0.003627902
42.364	-0.039325209
42.368	-0.011987037
42.372	0.050335888
42.376	0.021215298
42.38	-0.034193397
42.384	-0.017023416
42.388	0.020911871
42.392	0.005162771
42.396	-0.021804239
42.4	0.008556607
42.404	0.012240917
42.408	-0.009397382
42.412	-0.005726369
42.416	0.012852224
42.42	0.007093315
42.424	-0.017048768
42.428	0.000226797
42.432	0.003312265
42.436	-0.009682399
42.44	0.006785186
42.444	0.014187593
42.448	-0.008753901
42.452	0.001251076
42.456	0.012366226
42.46	-0.01922609
42.464	-0.030569738
42.468	0.015375296
42.472	0.058995732
42.476	0.01121204
42.48	-0.074490901
42.484	-0.055272295
42.488	0.069251681
42.492	0.082847656
42.496	-0.036319307
42.5	-0.072544329
42.504	-0.005716433
42.508	0.030274215
42.512	0.021508357
42.516	0.047297555
42.52	-0.005459526
42.524	-0.145777038
42.528	-0.062768157
42.532	0.245472503
42.536	0.147417194
42.54	-0.289092716
42.544	-0.146449249
42.548	0.196025556
42.552	0.09102454
42.556	-0.071419606
42.56	-0.024546209
42.564	0.017685091
42.568	-0.014364853
42.572	-0.01920588
42.576	-0.003351391
42.58	0.020485643
42.584	0.042307302
42.588	0.012918415
42.592	-0.042851327
42.596	-0.052243716
42.6	-0.010812592
42.604	0.051967652
42.608	0.059275889
42.612	-0.005718444
42.616	-0.053613735
42.62	-0.053342605
42.624	0.03185028
42.628	0.065639878
42.632	-0.009436456
42.636	-0.042272412
42.64	-0.018427836
42.644	0.023658722
42.648	0.034806064
42.652	-0.010609089
42.656	-0.032405414
42.66	-0.002276297
42.664	0.029888122
42.668	0.003591136
42.672	-0.030450787
42.676	-0.007830791
42.68	0.024878225
42.684	0.030944668
42.688	-0.011728422
42.692	-0.045549853
42.696	-0.011242047
42.7	0.026545064
42.704	0.039506729
42.708	0.005960909
42.712	-0.041857631
42.716	-0.04396396
42.72	0.028728521
42.724	0.069572393
42.728	-0.021385478
42.732	-0.070470261
42.736	0.010821258
42.74	0.06141148
42.744	0.006900097
42.748	-0.037642023
42.752	-0.027748486
42.756	0.001137952
42.76	0.034994922
42.764	0.026096589
42.768	-0.026399774
42.772	-0.030449997
42.776	0.021708695
42.78	0.011128484
42.784	-0.012932012
42.788	0.012336718
42.792	-0.006141796
42.796	-0.028456796
42.8	0.017915905
42.804	0.039282684
42.808	-0.008530393
42.812	-0.043627676
42.816	-0.013297987
42.82	0.042418031
42.824	0.021484134
42.828	-0.029906516
42.832	-0.020255031
42.836	0.01572545
42.84	0.014637025
42.844	-0.000852054
42.848	0.001137142
42.852	-0.018759426
42.856	-0.019063105
42.86	0.021899173
42.864	0.021923786
42.868	0.00692545
42.872	-0.014689501
42.876	-0.029018452
42.88	0.00681493
42.884	0.01957711
42.888	-0.003794448
42.892	0.000962092
42.896	-0.015350811
42.9	0.016717595
42.904	0.026074443
42.908	-0.03252392
42.912	-0.029478656
42.916	0.012164914
42.92	0.022476636
42.924	0.049076825
42.928	-0.000868419
42.932	-0.130894985
42.936	-0.018482303
42.94	0.160044531
42.944	0.0446998
42.948	-0.113547366
42.952	-0.073877076
42.956	0.058642478
42.96	0.073809487
42.964	-0.049473682
42.968	-0.041471348
42.972	0.065112861
42.976	0.013936959
42.98	-0.062305987
42.984	-0.036373154
42.988	0.071717032
42.992	0.051880335
42.996	-0.070599648
43	-0.026044657
43.004	0.027784939
43.008	-0.011664267
43.012	0.012865992
43.016	0.04358688
43.02	-0.016156856
43.024	-0.058214533
43.028	0.001661614
43.032	0.039643969
43.036	0.012967173
43.04	-0.008119199
43.044	-0.020686678
43.048	-0.00440264
43.052	0.017071863
43.056	0.005414461
43.06	-0.019193418
43.064	-0.01027088
43.068	0.025957781
43.072	0.025882119
43.076	-0.012066112
43.08	-0.036568884
43.084	-0.03259082
43.088	0.017436357
43.092	0.07767167
43.096	0.022646856
43.1	-0.079292451
43.104	-0.059457008
43.108	0.053621676
43.112	0.059934112
43.116	-0.023616468
43.12	-0.037750476
43.124	-0.002812101
43.128	0.028587805
43.132	0.015609081
43.136	-0.026525204
43.14	-0.018495497
43.144	0.02138548
43.148	0.005442165
43.152	-0.005922612
43.156	0.0096878
43.16	0.003690911
43.164	-0.021914371
43.168	-0.01229982
43.172	0.013815032
43.176	0.020391572
43.18	0.014289241
43.184	-0.025943392
43.188	-0.029317987
43.192	0.013304693
43.196	0.032424974
43.2	0.009545823
43.204	-0.041103809
43.208	-0.01318089
43.212	0.039684777
43.216	-0.007221868
43.22	-0.006305108
43.224	0.037646045
43.228	-0.040591822
43.232	-0.081608829
43.236	0.029572622
43.24	0.204006689
43.244	-0.009906038
43.248	-0.303583009
43.252	0.010771222
43.256	0.237565652
43.26	0.036382779
43.264	-0.109631723
43.268	-0.076063001
43.272	0.022678572
43.276	0.062799168
43.28	0.021360335
43.284	-0.030331267
43.288	-0.041347228
43.292	0.018787793
43.296	0.0347911
43.3	-0.025657703
43.304	-0.019819876
43.308	0.045702599
43.312	0.015758927
43.316	-0.065667473
43.32	-0.019876447
43.324	0.047790977
43.328	0.044669325
43.332	-0.010541043
43.336	-0.059911734
43.34	-0.019644519
43.344	0.031317631
43.348	0.042863328
43.352	0.00771239
43.356	-0.036663367
43.36	-0.021162926
43.364	-0.001475913
43.368	-0.000303395
43.372	0.03608041
43.376	0.039271545
43.38	-0.032248519
43.384	-0.054693289
43.388	-0.013064033
43.392	0.038217955
43.396	0.041794108
43.4	-0.005196975
43.404	-0.025201029
43.408	-0.00968233
43.412	-0.000836593
43.416	-0.013992352
43.42	0.003096566
43.424	0.044278778
43.428	0.015307868
43.432	-0.042417229
43.436	-0.033491831
43.44	0.015813083
43.444	0.029807282
43.448	0.011106309
43.452	-0.003250991
43.456	-0.023221548
43.46	-0.025949231
43.464	0.010399353
43.468	0.040667485
43.472	0.016056718
43.476	-0.037018442
43.48	-0.023559358
43.484	0.017518628
43.488	0.015563811
43.492	-0.007894131
43.496	-0.012842585
43.5	0.012930489
43.504	0.021812811
43.508	-0.015764662
43.512	-0.022837574
43.516	0.00413471
43.52	0.017937495
43.524	0.014393393
43.528	-0.028394581
43.532	-0.031470402
43.536	0.043327453
43.54	0.049137495
43.544	-0.039832629
43.548	-0.057203601
43.552	0.022871907
43.556	0.044371954
43.56	-0.001695578
43.564	-0.028789642
43.568	-0.022730553
43.572	0.022872479
43.576	0.046120506
43.58	-0.020175308
43.584	-0.048470945
43.588	0.001330467
43.592	0.038606488
43.596	0.028309127
43.6	-0.030077188
43.604	-0.049197047
43.608	0.012741404
43.612	0.048824708
43.616	0.017076074
43.62	-0.029824709
43.624	-0.033012027
43.628	-0.007777855
43.632	0.028138227
43.636	0.053201644
43.64	0.000896521
43.644	-0.121598938
43.648	-0.009072371
43.652	0.154336064
43.656	0.011656436
43.66	-0.126199568
43.664	-0.02776627
43.668	0.079313346
43.672	0.05238275
43.676	-0.06848434
43.68	-0.07035932
43.684	0.069965819
43.688	0.096722044
43.692	-0.039241812
43.696	-0.124589142
43.7	-0.00568421
43.704	0.09443001
43.708	0.038443717
43.712	-0.025707196
43.716	-0.033983888
43.72	-0.017782373
43.724	0.003037609
43.728	0.02534691
43.732	0.007746046
43.736	-0.012088601
43.74	0.00016482
43.744	0.007483396
43.748	-0.004531462
43.752	-0.019189267
43.756	-0.008014115
43.76	0.020024369
43.764	0.048224276
43.768	0.021858591
43.772	-0.129177698
43.776	-0.030451883
43.78	0.11853792
43.784	0.041409594
43.788	-0.032726304
43.792	-0.051825541
43.796	-0.028317761
43.8	0.024656961
43.804	0.0338519
43.808	0.015142267
43.812	-0.002414207
43.816	-0.046109759
43.82	-0.004924138
43.824	0.045621115
43.828	-0.012535536
43.832	-0.037556729
43.836	0.019568199
43.84	0.05736786
43.844	-0.013633613
43.848	-0.07469804
43.852	-0.006826785
43.856	0.061472641
43.86	0.036446624
43.864	-0.028834256
43.868	-0.061546849
43.872	-0.000154196
43.876	0.059886081
43.88	0.025796897
43.884	-0.031784968
43.888	-0.039621236
43.892	0.002184269
43.896	0.030476662
43.9	-0.000739341
43.904	-0.020735324
43.908	0.016665692
43.912	0.086632739
43.916	-0.073193878
43.92	-0.183717489
43.924	0.156597564
43.928	0.181220524
43.932	-0.157540951
43.936	-0.113860092
43.94	0.138225738
43.944	-0.051203151
43.948	-0.110766848
43.952	0.25592824
43.956	0.057324752
43.96	-0.315156201
43.964	-0.039680872
43.968	0.200821056
43.972	0.055482897
43.976	-0.045721595
43.98	-0.051445417
43.984	-0.034230128
43.988	0.017762204
43.992	0.028531936
43.996	0.023858921
44	0.001009064
44.004	-0.036656462
44.008	-0.025681298
44.012	0.026182254
44.016	0.032789504
44.02	-0.019714789
44.024	-0.014147663
44.028	0.012749734
44.032	0.004246599
44.036	-0.001618465
44.04	-0.014144978
44.044	-0.017462242
44.048	0.02432043
44.052	0.036206454
44.056	-0.031140984
44.06	-0.036106811
44.064	0.033710265
44.068	0.035894801
44.072	-0.030825891
44.076	-0.04980653
44.08	0.011926652
44.084	0.060604606
44.088	0.015888474
44.092	-0.041650453
44.096	-0.032852077
44.1	0.009098364
44.104	0.016658486
44.108	0.01538577
44.112	0.008919075
44.116	-0.014747112
44.12	-0.02082158
44.124	0.004225598
44.128	0.031521543
44.132	-0.016802507
44.136	-0.048195716
44.14	0.036945936
44.144	0.061878673
44.148	-0.025197027
44.152	-0.061631619
44.156	-0.022092399
44.16	0.052786834
44.164	0.057347583
44.168	-0.027389819
44.172	-0.058292078
44.176	-0.013334137
44.18	0.03671992
44.184	0.052690674
44.188	-0.015372181
44.192	-0.067974429
44.196	-0.003267652
44.2	0.064679167
44.204	0.007472927
44.208	-0.036590033
44.212	-0.016930602
44.216	0.015092662
44.22	0.027059283
44.224	-0.014184512
44.228	-0.021605418
44.232	0.004169736
44.236	0.020477128
44.24	0.005289613
44.244	-0.02077245
44.248	-0.005336222
44.252	0.02277488
44.256	0.006796708
44.26	-0.032571881
44.264	-0.019515991
44.268	0.032362122
44.272	0.040493142
44.276	-0.013437991
44.28	-0.037961289
44.284	-0.01117131
44.288	0.005007277
44.292	0.014588848
44.296	0.019506361
44.3	0.008579548
44.304	-0.007725754
44.308	-0.039117464
44.312	-0.012390366
44.316	0.054967956
44.32	0.015461197
44.324	-0.049354656
44.328	-0.019988065
44.332	0.034620378
44.336	0.030269862
44.34	-0.020163916
44.344	-0.030192922
44.348	-0.002674931
44.352	0.037644841
44.356	0.052367662
44.36	-0.09316768
44.364	-0.083149303
44.368	0.130569127
44.372	0.065628144
44.376	-0.085814456
44.38	-0.036656944
44.384	0.022263017
44.388	0.040932941
44.392	-0.02869342
44.396	-0.05304931
44.4	0.06044741
44.404	0.048582348
44.408	-0.049029201
44.412	-0.049599747
44.416	0.035434031
44.42	0.040045422
44.424	-0.035912413
44.428	-0.020789977
44.432	0.037309717
44.436	0.008377164
44.44	-0.043344415
44.444	0.006843407
44.448	0.033682214
44.452	-0.009961596
44.456	-0.009715231
44.46	-0.00352805
44.464	-0.004496899
44.468	0.007093184
44.472	0.010311271
44.476	-0.005827817
44.48	0.002439575
44.484	0.00408166
44.488	-0.026464341
44.492	0.000946845
44.496	0.029869623
44.5	-0.00130224
44.504	-0.011412879
44.508	-0.007374256
44.512	0.008847089
44.516	0.000632142
44.52	-0.01071876
44.524	0.012170237
44.528	-0.002515923
44.532	-0.014854217
44.536	0.012227199
44.54	0.022955025
44.544	-0.005570929
44.548	-0.02763057
44.552	-0.021080513
44.556	0.022437637
44.56	0.045100862
44.564	-0.026935887
44.568	-0.035392911
44.572	0.038775703
44.576	0.008756671
44.58	-0.036386369
44.584	0.005932948
44.588	0.016477085
44.592	-0.008417423
44.596	-0.006744776
44.6	0.01049128
44.604	0.011015893
44.608	-0.005785355
44.612	0.003165019
44.616	-0.01632855
44.62	-0.029002122
44.624	0.018328454
44.628	0.047838367
44.632	0.010951541
44.636	-0.048398251
44.64	-0.036847728
44.644	0.013452504
44.648	0.074821209
44.652	0.036189238
44.656	-0.140597833
44.66	-0.091889598
44.664	0.215958214
44.668	0.140201558
44.672	-0.256620666
44.676	-0.116088224
44.68	0.176066462
44.684	0.07361488
44.688	-0.059134487
44.692	-0.041260489
44.696	0.003151745
44.7	0.012689097
44.704	0.007779171
44.708	-0.007055145
44.712	-0.006606208
44.716	0.016169922
44.72	0.009880497
44.724	-0.021088769
44.728	-0.016213888
44.732	0.017118563
44.736	0.02537925
44.74	-0.019507903
44.744	-0.024250445
44.748	0.019005495
44.752	0.01227238
44.756	-0.007469548
44.76	0.002131135
44.764	-0.005543119
44.768	-0.005182278
44.772	-0.000194482
44.776	0.002712681
44.78	0.009779597
44.784	0.003980467
44.788	-0.007521811
44.792	-0.00922241
44.796	-0.000998673
44.8	0.004466127
44.804	-0.000672312
44.808	0.010270144
44.812	0.012418334
44.816	-0.016024109
44.82	-0.020829149
44.824	0.001736734
44.828	0.016533215
44.832	0.013511276
44.836	0.003251492
44.84	-0.015970187
44.844	-0.019415944
44.848	0.002388887
44.852	0.026059489
44.856	0.000769359
44.86	-0.015418275
44.864	0.008442905
44.868	0.003893097
44.872	-0.007135438
44.876	-0.019016687
44.88	-0.000142481
44.884	0.035444584
44.888	-0.002165674
44.892	-0.007337847
44.896	-0.013303942
44.9	-0.01447347
44.904	0.025946067
44.908	0.00981823
44.912	-0.023346691
44.916	-0.007574235
44.92	0.010765737
44.924	0.020934863
44.928	0.006965981
44.932	-0.020085025
44.936	-0.031182816
44.94	-0.006276235
44.944	0.049311774
44.948	0.023323074
44.952	-0.032144598
44.956	-0.028859439
44.96	0.005336807
44.964	0.032194585
44.968	-0.001555105
44.972	-0.014721427
44.976	-0.003038074
44.98	-0.021373878
44.984	0.008214813
44.988	0.047772997
44.992	0.022642408
44.996	-0.049606942
45	-0.066813022
45.004	0.022899047
45.008	0.079055286
45.012	0.000172871
45.016	-0.04568363
45.02	-0.003275147
45.024	0.006911912
45.028	-0.007923151
45.032	0.004381584
45.036	0.022321033
45.04	0.002901244
45.044	-0.009714162
45.048	-0.018350043
45.052	-0.035384097
45.056	0.016360819
45.06	0.060163274
45.064	0.042350086
45.068	-0.007917131
45.072	-0.130275885
45.076	-0.08659492
45.08	0.140628655
45.084	0.140486292
45.088	-0.070530005
45.092	-0.110712661
45.096	0.016798645
45.1	0.063076817
45.104	-0.027504924
45.108	-0.052778778
45.112	0.039366434
45.116	0.0521646
45.12	-0.007771841
45.124	-0.026715167
45.128	-0.035501882
45.132	-0.005932909
45.136	0.06321341
45.14	0.018616998
45.144	-0.075162763
45.148	-0.022220897
45.152	0.069168312
45.156	0.027841283
45.16	-0.040013244
45.164	-0.020065168
45.168	0.015236744
45.172	-0.027697747
45.176	-0.03313669
45.18	0.128166275
45.184	0.019462723
45.188	-0.135374677
45.192	-0.009876474
45.196	0.036768914
45.2	0.061513588
45.204	0.002963906
45.208	-0.058216495
45.212	-0.029782208
45.216	0.038198932
45.22	0.042241239
45.224	-0.017917439
45.228	-0.030415827
45.232	-0.004771996
45.236	0.007682053
45.24	0.020893848
45.244	-0.000387334
45.248	-0.012602743
45.252	-8.25936E-05
45.256	-0.000194082
45.26	-0.006831084
45.264	0.006595508
45.268	0.014665547
45.272	0.006571491
45.276	-0.028517245
45.28	-0.027499772
45.284	0.03512504
45.288	0.045502672
45.292	-0.026384346
45.296	-0.04391426
45.3	0.002017477
45.304	0.022972722
45.308	0.01332394
45.312	-0.000820268
45.316	0.002982056
45.32	-0.00850318
45.324	-0.023505193
45.328	-0.005107086
45.332	0.021798683
45.336	0.020372225
45.34	-0.003536657
45.344	-0.013583874
45.348	-0.018853169
45.352	-0.00541466
45.356	0.063350647
45.36	0.01603169
45.364	-0.165438725
45.368	-0.010565645
45.372	0.298270124
45.376	-0.018076306
45.38	-0.334965976
45.384	0.042534881
45.388	0.211874153
45.392	0.002426658
45.396	-0.09244647
45.4	-0.034517051
45.404	0.032981476
45.408	0.031635081
45.412	0.010036569
45.416	-0.038781775
45.42	-0.038228787
45.424	0.035297069
45.428	0.053965594
45.432	-0.016428675
45.436	-0.052264895
45.44	-0.003250394
45.444	0.041310552
45.448	0.018360397
45.452	-0.026854797
45.456	-0.034600069
45.46	0.004738289
45.464	0.041493993
45.468	0.016013222
45.472	-0.021761443
45.476	-0.024796632
45.48	0.003863675
45.484	0.015200471
45.488	-0.005824673
45.492	-0.011296184
45.496	0.009027938
45.5	0.027212618
45.504	0.00336591
45.508	-0.044376269
45.512	-0.015266211
45.516	0.046378516
45.52	0.011093662
45.524	-0.03441051
45.528	-0.018759623
45.532	0.035703083
45.536	0.026867996
45.54	-0.033046847
45.544	-0.020432512
45.548	0.018014447
45.552	0.008871648
45.556	-0.012960561
45.56	0.00233324
45.564	0.009612287
45.568	-0.001502738
45.572	-0.004112934
45.576	-0.00892048
45.58	0.006012044
45.584	0.013112147
45.588	-0.003575419
45.592	-0.010587762
45.596	-0.010262173
45.6	0.009126045
45.604	0.015844816
45.608	-0.005574416
45.612	-0.006254667
45.616	-0.004993838
45.62	0.002854203
45.624	0.007557835
45.628	0.003111186
45.632	-0.015270506
45.636	-0.00687311
45.64	0.034222803
45.644	0.00507297
45.648	-0.057836289
45.652	-0.009172359
45.656	0.070015334
45.66	0.013170029
45.664	-0.028749038
45.668	-0.038297548
45.672	-0.016724288
45.676	0.045208259
45.68	0.03414603
45.684	-0.017518438
45.688	-0.037271117
45.692	-0.008507758
45.696	0.030152494
45.7	0.018601986
45.704	-0.009563218
45.708	-0.031030138
45.712	-0.008109746
45.716	0.038280103
45.72	0.018169683
45.724	-0.023982598
45.728	-0.027592219
45.732	0.00055166
45.736	0.02366635
45.74	0.023503055
45.744	-0.014076361
45.748	-0.035140567
45.752	0.013531445
45.756	0.019260362
45.76	-0.007958967
45.764	0.002456103
45.768	-0.017895803
45.772	0.022708051
45.776	0.038998876
45.78	-0.097524094
45.784	-0.011953111
45.788	0.112040708
45.792	0.003649738
45.796	-0.070563932
45.8	-0.018874893
45.804	0.043237185
45.808	0.00841162
45.812	-0.049214434
45.816	0.022800827
45.82	0.051825528
45.824	-0.013386181
45.828	-0.053386332
45.832	-0.012382397
45.836	0.031254237
45.84	0.028125766
45.844	-0.001295574
45.848	-0.01375958
45.852	-0.012664929
45.856	-0.022443954
45.86	0.013888034
45.864	0.04397597
45.868	-0.005660768
45.872	-0.052771378
45.876	-0.004482398
45.88	0.066393808
45.884	0.013895746
45.888	-0.070601033
45.892	-0.031117666
45.896	0.05512852
45.9	0.03951956
45.904	-0.021402394
45.908	-0.041777829
45.912	0.009903874
45.916	0.027550558
45.92	-0.00690386
45.924	-0.01806362
45.928	-0.01188474
45.932	0.02579482
45.936	0.026389922
45.94	-0.009140925
45.944	-0.034463634
45.948	-0.012976206
45.952	0.014592897
45.956	0.013098434
45.96	0.016425902
45.964	0.00709666
45.968	-0.014605275
45.972	-0.036121255
45.976	0.001638027
45.98	0.046277668
45.984	-0.016283425
45.988	-0.029627072
45.992	0.033222012
45.996	0.023316149
46	-0.028805906
46.004	-0.021608707
46.008	-0.001552148
46.012	0.017104787
46.016	0.013318793
46.02	-0.004274363
46.024	-0.002722953
46.028	0.001947984
46.032	-0.01034272
46.036	0.008571393
46.04	-0.00011247
46.044	-0.022963733
46.048	0.001454054
46.052	0.025469729
46.056	0.019222486
46.06	-0.022294392
46.064	-0.010475771
46.068	0.043526784
46.072	-0.038713203
46.076	-0.136152963
46.08	0.104248031
46.084	0.236979377
46.088	-0.13537516
46.092	-0.230139888
46.096	0.090025075
46.1	0.157977771
46.104	-0.04585951
46.108	-0.093411873
46.112	0.03532007
46.116	0.049640241
46.12	-0.005315046
46.124	-0.025725002
46.128	-0.024682499
46.132	0.002463272
46.136	0.014636306
46.14	0.014775116
46.144	0.015419514
46.148	-0.001364068
46.152	-0.036086908
46.156	-0.020675913
46.16	0.02876398
46.164	0.031829195
46.168	-0.004743361
46.172	-0.036866293
46.176	-0.013813056
46.18	0.032327922
46.184	0.027040989
46.188	-0.013710654
46.192	-0.032475802
46.196	-0.014381171
46.2	0.024115562
46.204	0.030736612
46.208	-0.01110858
46.212	-0.02613197
46.216	0.007481646
46.22	0.021836436
46.224	-0.004617589
46.228	-0.032779224
46.232	-0.009957347
46.236	0.031165845
46.24	0.022072967
46.244	0.006474315
46.248	-0.010305056
46.252	-0.041988722
46.256	-0.014913955
46.26	0.029016245
46.264	0.02352068
46.268	0.007890325
46.272	-0.009712293
46.276	-0.018524748
46.28	-0.003733506
46.284	0.007148519
46.288	0.001930129
46.292	0.001793149
46.296	-0.000284061
46.3	-0.005826437
46.304	0.002694952
46.308	0.009768005
46.312	-0.004124494
46.316	0.001206376
46.32	0.013686736
46.324	-0.016607854
46.328	-0.046517966
46.332	0.009022239
46.336	0.082859873
46.34	0.00524585
46.344	-0.070185785
46.348	-0.012709479
46.352	0.022404534
46.356	0.017923916
46.36	0.012924348
46.364	-0.036742106
46.368	-0.014895768
46.372	0.045024958
46.376	0.017566089
46.38	-0.030609103
46.384	-0.028112808
46.388	0.007737102
46.392	0.020448739
46.396	0.006151753
46.4	0.006996008
46.404	-0.006487286
46.408	-0.025960839
46.412	0.003133651
46.416	0.023825534
46.42	-0.009380208
46.424	-0.008503439
46.428	0.010689526
46.432	0.006791219
46.436	-0.003220098
46.44	-0.01958552
46.444	-0.008162211
46.448	0.023592889
46.452	0.02885758
46.456	-0.007501223
46.46	-0.048327879
46.464	-0.021896695
46.468	0.040134554
46.472	0.033901249
46.476	-0.000616799
46.48	0.015683177
46.484	-0.065880544
46.488	-0.079934149
46.492	0.110069532
46.496	0.09066227
46.5	-0.084417866
46.504	-0.083575893
46.508	0.041798599
46.512	0.087876904
46.516	-0.015178901
46.52	-0.099222577
46.524	0.006873576
46.528	0.074097627
46.532	0.010257099
46.536	-0.032491691
46.54	-0.009498053
46.544	-0.006196244
46.548	-0.022910005
46.552	0.03393807
46.556	0.054073708
46.56	-0.01609015
46.564	-0.077201659
46.568	-0.029752821
46.572	0.075646059
46.576	0.055604681
46.58	-0.031563045
46.584	-0.051433655
46.588	-0.021330121
46.592	0.025539883
46.596	0.048134607
46.6	0.007500996
46.604	-0.047903956
46.608	-0.030259792
46.612	0.039363012
46.616	0.02835903
46.62	-0.026852573
46.624	-0.019022312
46.628	0.015720525
46.632	0.018450545
46.636	-0.01318482
46.64	-0.016401532
46.644	0.01153026
46.648	0.017034406
46.652	-0.011611455
46.656	-0.025553328
46.66	0.007802942
46.664	0.026521152
46.668	0.015093133
46.672	-0.017117563
46.676	-0.031420073
46.68	-0.000134645
46.684	0.027127443
46.688	0.00374948
46.692	-0.015071116
46.696	0.008442009
46.7	0.022873617
46.704	-0.03100425
46.708	-0.034139395
46.712	0.032045345
46.716	0.043031608
46.72	-0.011889681
46.724	-0.037606806
46.728	-0.022417872
46.732	0.025543368
46.736	0.042370325
46.74	-0.008954424
46.744	-0.027879378
46.748	-0.018565234
46.752	0.005650353
46.756	0.027303435
46.76	0.005221008
46.764	-0.005815584
46.768	-0.009966729
46.772	-0.014856984
46.776	0.037694493
46.78	0.017929521
46.784	-0.120416139
46.788	-0.033627147
46.792	0.25809082
46.796	0.033300272
46.8	-0.336198439
46.804	0.019811894
46.808	0.232356131
46.812	-0.015535681
46.816	-0.103882988
46.82	-0.021298509
46.824	0.049734278
46.828	0.030513262
46.832	-0.016364325
46.836	-0.034084331
46.84	-0.011087785
46.844	0.028737409
46.848	0.023253342
46.852	-0.008531537
46.856	-0.014957286
46.86	-0.013607719
46.864	-0.000609052
46.868	0.018991757
46.872	0.006847811
46.876	0.002155306
46.88	-0.008347757
46.884	-0.034040612
46.888	0.006681637
46.892	0.055575425
46.896	-0.000633667
46.9	-0.053862992
46.904	-0.006635914
46.908	0.038416335
46.912	0.003343868
46.916	-0.019031428
46.92	0.000455437
46.924	0.012456619
46.928	-0.009064609
46.932	-0.004787735
46.936	0.014994771
46.94	-0.007295733
46.944	-0.014482344
46.948	0.009311686
46.952	0.01924541
46.956	-0.002253193
46.96	-0.019922301
46.964	-0.014056821
46.968	0.011020499
46.972	0.025240894
46.976	0.005302504
46.98	-0.025523683
46.984	-0.013279844
46.988	0.02269693
46.992	0.006267016
46.996	-0.024642095
47	-0.000278711
47.004	0.031528118
47.008	0.009435727
47.012	-0.037862371
47.016	-0.019020914
47.02	0.030303975
47.024	0.025097953
47.028	-0.026476672
47.032	-0.023410912
47.036	0.028296059
47.04	0.019871238
47.044	-0.019992989
47.048	-0.019741461
47.052	0.011952969
47.056	0.006603277
47.06	-0.007433102
47.064	0.004096968
47.068	0.009959443
47.072	-0.00811734
47.076	-0.010213002
47.08	0.018269196
47.084	0.009560488
47.088	-0.029988065
47.092	-0.021732083
47.096	0.026377131
47.1	0.03804843
47.104	-0.003483151
47.108	-0.039075524
47.112	-0.022541568
47.116	0.024906888
47.12	0.031978594
47.124	-0.006002529
47.128	-0.02218589
47.132	-0.00804532
47.136	0.004388279
47.14	0.005239301
47.144	0.012520881
47.148	0.004637177
47.152	-0.005375397
47.156	-0.01310435
47.16	-0.016116492
47.164	0.002728235
47.168	0.034332305
47.172	0.011866869
47.176	-0.031130882
47.18	-0.019530964
47.184	0.006871319
47.188	0.025969618
47.192	0.0621187
47.196	-0.066573385
47.2	-0.152646224
47.204	0.117178451
47.208	0.178702118
47.212	-0.086714773
47.216	-0.138297212
47.22	0.000373408
47.224	0.100574191
47.228	0.041018816
47.232	-0.111058395
47.236	-0.014364259
47.24	0.128466128
47.244	0.011986066
47.248	-0.132607996
47.252	-0.040209314
47.256	0.103040122
47.26	0.04584533
47.264	-0.037672209
47.268	-0.032399878
47.272	-0.008948229
47.276	0.018485469
47.28	0.014421506
47.284	-0.006922785
47.288	-0.015717847
47.292	0.008913121
47.296	0.01286728
47.3	-0.013345382
47.304	0.004052181
47.308	0.009399435
47.312	-0.011845107
47.316	-0.007495369
47.32	0.007103909
47.324	0.008277367
47.328	-0.014384321
47.332	0.001662835
47.336	0.017419606
47.34	0.002739169
47.344	-0.013978921
47.348	-0.014298293
47.352	0.015657769
47.356	0.002036234
47.36	-0.013508221
47.364	0.014139729
47.368	-0.000433024
47.372	-0.006942989
47.376	0.018764498
47.38	-0.0059979
47.384	-0.024935649
47.388	0.000798
47.392	0.009984335
47.396	0.010564273
47.4	0.011588256
47.404	-0.002835361
47.408	-0.019657034
47.412	-0.012806255
47.416	0.007149056
47.42	0.014344589
47.424	0.006090006
47.428	-0.000593916
47.432	-0.003828744
47.436	-0.013337194
47.44	-0.000297695
47.444	0.012948784
47.448	-0.003478296
47.452	-0.004542978
47.456	0.007214522
47.46	0.003179659
47.464	-0.009008529
47.468	-0.007009953
47.472	0.003474853
47.476	0.010426796
47.48	0.006473181
47.484	0.016567601
47.488	0.000465544
47.492	-0.112933173
47.496	-0.043067203
47.5	0.23383189
47.504	0.129850266
47.508	-0.317918685
47.512	-0.131152581
47.516	0.217711167
47.52	0.099655016
47.524	-0.055467662
47.528	-0.062725085
47.532	-0.024828956
47.536	0.011524046
47.54	0.042710029
47.544	0.017049516
47.548	-0.029767166
47.552	-0.028383932
47.556	0.010058047
47.56	0.031722069
47.564	0.004598846
47.568	-0.019619651
47.572	-0.012603797
47.576	-0.002540879
47.58	0.00826081
47.584	0.014880437
47.588	0.010659992
47.592	-0.012857694
47.596	-0.023748264
47.6	0.003778712
47.604	0.02222892
47.608	-0.002352537
47.612	-0.006720811
47.616	-0.007002519
47.62	0.002415717
47.624	0.004571503
47.628	0.019709957
47.632	-0.009471725
47.636	-0.032856535
47.64	0.008644518
47.644	0.027887053
47.648	-0.004373688
47.652	-0.021850217
47.656	0.001260387
47.66	0.024576631
47.664	0.015060189
47.668	-0.027622291
47.672	-0.03539228
47.676	0.004967287
47.68	0.044148852
47.684	0.028144836
47.688	-0.030269413
47.692	-0.037210023
47.696	-0.001390621
47.7	0.022218795
47.704	0.028152432
47.708	-0.008959428
47.712	-0.027105272
47.716	-0.003146677
47.72	0.016211654
47.724	0.014770236
47.728	-0.010873638
47.732	-0.019001265
47.736	0.000306829
47.74	0.018726822
47.744	0.009396052
47.748	-0.002731187
47.752	-0.011614682
47.756	-0.033538582
47.76	0.021997663
47.764	0.048123129
47.768	-0.020270663
47.772	-0.038726084
47.776	0.003219919
47.78	0.030833321
47.784	0.007127147
47.788	-0.030383162
47.792	-0.008713469
47.796	0.028015971
47.8	0.007335239
47.804	-0.011898724
47.808	-0.006337596
47.812	0.009133289
47.816	-0.011967451
47.82	-0.025523795
47.824	0.03517867
47.828	0.022048196
47.832	-0.019221906
47.836	-0.003631658
47.84	-0.009794237
47.844	-0.005013654
47.848	0.005761276
47.852	0.005576154
47.856	0.013279795
47.86	0.00203508
47.864	-0.019512989
47.868	-0.020783337
47.872	0.012198924
47.876	0.039886519
47.88	-0.004819942
47.884	-0.040291461
47.888	-0.00939927
47.892	0.056968446
47.896	0.028344907
47.9	-0.113664632
47.904	-0.039149455
47.908	0.139989933
47.912	0.06511382
47.916	-0.112278045
47.92	-0.085681804
47.924	0.066794634
47.928	0.089911634
47.932	-0.053154916
47.936	-0.067113824
47.94	0.029947306
47.944	0.055515476
47.948	-0.00649736
47.952	-0.036324249
47.956	-0.007203111
47.96	0.010017527
47.964	0.021755042
47.968	-0.013055392
47.972	-0.027834911
47.976	0.016782227
47.98	0.038052044
47.984	-0.002904969
47.988	-0.041861341
47.992	-0.013080283
47.996	0.021502283
48	0.01649995
48.004	0.008938774
48.008	-0.006849684
48.012	-0.026245851
48.016	-0.009872759
48.02	0.033347983
48.024	0.019008456
48.028	-0.027419496
48.032	-0.02554162
48.036	0.014360984
48.04	0.027551062
48.044	-0.004100439
48.048	-0.017814688
48.052	-0.000309836
48.056	0.009319449
48.06	-0.009307803
48.064	-0.006730927
48.068	0.01655835
48.072	0.018352829
48.076	-0.010315857
48.08	-0.037231844
48.084	-0.004905118
48.088	0.039685545
48.092	0.02307817
48.096	-0.024797901
48.1	-0.029449446
48.104	0.010915323
48.108	0.013244909
48.112	-0.003752842
48.116	0.003853857
48.12	0.006802267
48.124	-0.006968689
48.128	-0.008976734
48.132	-0.001465531
48.136	0.001045888
48.14	0.015843947
48.144	0.003153073
48.148	-0.018359948
48.152	0.000215209
48.156	0.00353888
48.16	-0.006034339
48.164	0.008984413
48.168	0.015904874
48.172	-0.001747591
48.176	-0.038760344
48.18	-0.004806354
48.184	0.073803394
48.188	0.010370261
48.192	-0.146910537
48.196	-0.029739699
48.2	0.251061727
48.204	0.033424318
48.208	-0.259270293
48.212	-0.027197179
48.216	0.132560156
48.22	0.028773601
48.224	-0.012088823
48.228	0.004697031
48.232	-0.033384765
48.236	-0.042823701
48.24	0.020829031
48.244	0.047605505
48.248	0.002116181
48.252	-0.025447321
48.256	-0.011941182
48.26	0.006795307
48.264	0.005680696
48.268	0.000380887
48.272	0.000230374
48.276	0.001904151
48.28	-0.000155177
48.284	-0.003050372
48.288	0.003248867
48.292	-0.001447297
48.296	-0.022519007
48.3	0.012573211
48.304	0.033174293
48.308	-0.009032274
48.312	-0.024879232
48.316	-0.002310203
48.32	0.010701313
48.324	-0.002997938
48.328	0.000675957
48.332	0.013278408
48.336	-0.000956554
48.34	-0.014676441
48.344	0.0008182
48.348	0.009883952
48.352	-0.007395377
48.356	-0.012842842
48.36	0.008989982
48.364	0.024685853
48.368	0.001723072
48.372	-0.021668323
48.376	-0.014731165
48.38	0.004240637
48.384	0.00397109
48.388	0.005452688
48.392	0.017192322
48.396	0.009939726
48.4	-0.017500827
48.404	-0.026194952
48.408	-0.001784279
48.412	0.008619495
48.416	0.024360749
48.42	0.004550123
48.424	-0.010402425
48.428	-0.006865227
48.432	-0.008903451
48.436	-0.000484263
48.44	0.014936564
48.444	0.00458499
48.448	-0.014623689
48.452	-0.002732788
48.456	0.013339555
48.46	-0.002677986
48.464	-0.013535375
48.468	0.023846274
48.472	-0.002529942
48.476	-0.036381586
48.48	0.02016607
48.484	0.028374198
48.488	-0.011826037
48.492	-0.026413624
48.496	0.004978676
48.5	0.007868836
48.504	-0.010818551
48.508	0.028748773
48.512	0.031218538
48.516	-0.058594904
48.52	-0.041098988
48.524	0.053817987
48.528	0.040981262
48.532	-0.047334587
48.536	-0.028860547
48.54	0.044168384
48.544	0.023232978
48.548	-0.032090584
48.552	-0.02670655
48.556	0.015362449
48.56	0.023467403
48.564	-0.001674887
48.568	-0.01765831
48.572	-0.000524406
48.576	0.010481575
48.58	0.00020832
48.584	-0.020127565
48.588	0.00437292
48.592	0.065452583
48.596	-0.007860568
48.6	-0.136174812
48.604	0.008448262
48.608	0.1533966
48.612	0.019508727
48.616	-0.102629473
48.62	-0.050497139
48.624	0.040094682
48.628	0.041081374
48.632	-0.010380926
48.636	-0.002268881
48.64	0.013052253
48.644	-0.017896773
48.648	-0.03071703
48.652	0.007234302
48.656	0.03648929
48.66	0.013200487
48.664	-0.020735409
48.668	-0.02631302
48.672	0.007640716
48.676	0.031221676
48.68	-0.017776526
48.684	-0.022391082
48.688	0.017840061
48.692	0.015561463
48.696	-0.002564507
48.7	-0.007308452
48.704	-0.013492529
48.708	-0.0035886
48.712	0.027857676
48.716	0.005161035
48.72	-0.039857724
48.724	-0.000293152
48.728	0.041150982
48.732	0.004223951
48.736	-0.035099082
48.74	-0.013264975
48.744	0.034611617
48.748	0.014253723
48.752	-0.035137292
48.756	-0.018169644
48.76	0.029801776
48.764	0.0277587
48.768	-0.014667221
48.772	-0.027432012
48.776	-0.014642278
48.78	0.022950256
48.784	0.033937975
48.788	-0.013451973
48.792	-0.031299232
48.796	-0.004957277
48.8	0.026753275
48.804	0.012996408
48.808	-0.02253416
48.812	-0.002601952
48.816	0.001691344
48.82	-0.001895347
48.824	0.019617793
48.828	-1.48804E-05
48.832	-0.019701562
48.836	-0.007677245
48.84	0.003628792
48.844	0.019530217
48.848	0.011273934
48.852	-0.018554407
48.856	-0.013094103
48.86	0.006044404
48.864	0.001171296
48.868	-0.000316446
48.872	0.012930366
48.876	-0.000687602
48.88	-0.014739348
48.884	0.016646107
48.888	0.032522078
48.892	-0.056654855
48.896	-0.119721785
48.9	0.108976497
48.904	0.235378125
48.908	-0.136235778
48.912	-0.242941726
48.916	0.079200526
48.92	0.140017786
48.924	0.0159122
48.928	-0.047212495
48.932	-0.032666882
48.936	-0.011265902
48.94	0.006962032
48.944	0.02501418
48.948	0.015745502
48.952	-0.012539428
48.956	-0.024730379
48.96	-0.010358074
48.964	0.025461512
48.968	0.033429678
48.972	-0.017192524
48.976	-0.039631475
48.98	-0.001123689
48.984	0.024651059
48.988	0.016915943
48.992	-0.007230958
48.996	-0.028283127
49	0.003949003
49.004	0.044858233
49.008	-0.002327799
49.012	-0.049604108
49.016	-0.016819174
49.02	0.02386419
49.024	0.024779574
49.028	0.016250182
49.032	-0.001982039
49.036	-0.02796285
49.04	-0.016932536
49.044	-0.00233132
49.048	0.017044334
49.052	0.010982172
49.056	0.015822322
49.06	0.001258275
49.064	-0.04372523
49.068	0.001648679
49.072	0.029766342
49.076	-0.007932371
49.08	-0.01759053
49.084	0.012885508
49.088	0.024559374
49.092	-0.008191426
49.096	-0.012924046
49.1	-0.016029466
49.104	-0.016286691
49.108	0.019209619
49.112	0.030484906
49.116	0.017958319
49.12	-0.018320192
49.124	-0.044955642
49.128	-0.005481533
49.132	0.025375398
49.136	0.021734237
49.14	0.010504502
49.144	-0.014199459
49.148	-0.035402651
49.152	-0.003370332
49.156	0.03634593
49.16	0.016358378
49.164	-0.015175219
49.168	-0.014539423
49.172	-0.011312246
49.176	-0.00079785
49.18	0.01336721
49.184	0.020771017
49.188	0.007926706
49.192	-0.024878295
49.196	-0.020402215
49.2	0.003922966
49.204	0.010113248
49.208	0.019064681
49.212	0.007824969
49.216	-0.025036858
49.22	-0.017176674
49.224	0.022827288
49.228	0.013388135
49.232	-0.016086976
49.236	-0.017210188
49.24	0.012757947
49.244	0.026538572
49.248	-0.000889826
49.252	-0.032759431
49.256	-0.022281914
49.26	0.024562929
49.264	0.045485818
49.268	-0.004303676
49.272	-0.052337528
49.276	-0.015807869
49.28	0.043404305
49.284	0.025026772
49.288	-0.037602209
49.292	-0.018888343
49.296	0.0723525
49.3	-0.015688555
49.304	-0.144823848
49.308	0.065571278
49.312	0.171320913
49.316	-0.044330639
49.32	-0.146277284
49.324	-0.041616913
49.328	0.094106404
49.332	0.164040615
49.336	-0.008684603
49.34	-0.439087864
49.344	0.103889324
49.348	0.566847554
49.352	-0.209531448
49.356	-0.380111063
49.36	0.070358597
49.364	0.188387908
49.368	0.049631
49.372	-0.070291548
49.376	-0.037398848
49.38	0.010518429
49.384	-0.004743228
49.388	0.004988722
49.392	0.015337235
49.396	-0.014197272
49.4	-0.019863365
49.404	0.034760955
49.408	0.030910658
49.412	-0.047579481
49.416	-0.02747418
49.42	0.044753308
49.424	0.007782122
49.428	-0.021739736
49.432	-0.018852475
49.436	0.005471128
49.44	0.031625494
49.444	0.006963909
49.448	-0.014178581
49.452	-0.013098893
49.456	-0.003842439
49.46	-0.004860137
49.464	0.008427574
49.468	0.014649248
49.472	-0.002719722
49.476	-0.003392236
49.48	-0.003907536
49.484	-0.00171675
49.488	0.008897787
49.492	-0.008503817
49.496	-0.012582169
49.5	0.013830839
49.504	0.014209547
49.508	-0.00957689
49.512	-0.013367567
49.516	0.001832312
49.52	0.022358988
49.524	-0.009361297
49.528	-0.013762976
49.532	0.012323668
49.536	-0.002571109
49.54	-0.012862544
49.544	-0.002905809
49.548	0.025255257
49.552	0.015384999
49.556	-0.023150945
49.56	-0.019860712
49.564	0.00911367
49.568	0.007533596
49.572	-0.000324026
49.576	0.011775671
49.58	-0.00827364
49.584	-0.028046684
49.588	0.021932946
49.592	0.073826124
49.596	-0.041889935
49.6	-0.176560098
49.604	0.049555083
49.608	0.322759743
49.612	-0.081217211
49.616	-0.353163057
49.62	0.097180254
49.624	0.193459997
49.628	-0.010608301
49.632	-0.05333914
49.636	-0.044203667
49.64	-0.006026878
49.644	0.032409754
49.648	0.019991776
49.652	-0.011313517
49.656	-0.016219195
49.66	-0.002020288
49.664	0.011331693
49.668	0.012058237
49.672	0.002701441
49.676	-0.016808056
49.68	-0.025674133
49.684	0.002026131
49.688	0.046292535
49.692	0.020854525
49.696	-0.047119207
49.7	-0.036523813
49.704	0.035880363
49.708	0.03647143
49.712	-0.022597726
49.716	-0.025836106
49.72	0.009004875
49.724	0.014607516
49.728	-0.002037328
49.732	-0.00637028
49.736	0.00467816
49.74	0.003694056
49.744	-0.008273503
49.748	-0.004629618
49.752	0.004189655
49.756	-0.000907291
49.76	0.010297167
49.764	0.008819207
49.768	-0.020737195
49.772	-0.007168327
49.776	0.017000021
49.78	-0.001545969
49.784	-0.021311378
49.788	0.016945051
49.792	0.02994944
49.796	-0.01453468
49.8	-0.032181209
49.804	-0.006449607
49.808	0.02050857
49.812	0.019865793
49.816	-0.003542718
49.82	-0.014694764
49.824	0.00481914
49.828	-0.00318402
49.832	-0.014388239
49.836	0.004781544
49.84	0.015136735
49.844	0.014643371
49.848	-0.005002128
49.852	-0.015468149
49.856	-0.023526015
49.86	-0.002727617
49.864	0.037750517
49.868	0.020700161
49.872	-0.008023655
49.876	-0.030543161
49.88	-0.031923457
49.884	0.015463263
49.888	0.042915034
49.892	0.014832299
49.896	-0.016008024
49.9	-0.03426799
49.904	-0.01925005
49.908	0.033022796
49.912	0.024377162
49.916	-0.017231544
49.92	-0.009246877
49.924	0.007056867
49.928	0.005729344
49.932	-0.013135318
49.936	-0.011349893
49.94	0.018174337
49.944	0.009934965
49.948	-0.011854949
49.952	0.000103364
49.956	0.002351807
49.96	-0.003721962
49.964	-0.008264966
49.968	0.0011752
49.972	0.027896044
49.976	0.002074007
49.98	-0.042465589
49.984	-0.010717339
49.988	0.03175049
49.992	0.026870033
49.996	0.041304173
50	-0.067018681
50.004	-0.158688122
50.008	0.122893933
50.012	0.199314588
50.016	-0.095396668
50.02	-0.162105528
50.024	0.020857861
50.028	0.107728444
50.032	0.011348576
50.036	-0.079195318
50.04	-0.000795387
50.044	0.057470035
50.048	0.013292253
50.052	-0.028842213
50.056	-0.044905995
50.06	0.009740154
50.064	0.040459123
50.068	-0.001350544
50.072	-0.013400382
50.076	0.000460037
50.08	0.008259748
50.084	-0.008063201
50.088	-0.00911301
50.092	0.00970897
50.096	-0.01552252
50.1	-0.00237316
50.104	0.033502269
50.108	0.0312563
50.112	-0.030384546
50.116	-0.066391705
50.12	0.00521532
50.124	0.049225691
50.128	0.039663228
50.132	-0.016150988
50.136	-0.055674133
50.14	-0.003179056
50.144	0.040351079
50.148	0.012992823
50.152	-0.032029318
50.156	-0.017451954
50.16	0.038799164
50.164	0.017995124
50.168	-0.032847412
50.172	-0.030804826
50.176	0.018609941
50.18	0.035488617
50.184	-0.008652821
50.188	-0.004881452
50.192	-0.011283814
50.196	-0.018551578
50.2	0.014959508
50.204	0.027806494
50.208	-0.005625223
50.212	-0.033893893
50.216	0.006617256
50.22	0.024987687
50.224	-0.002229705
50.228	-0.011823314
50.232	-0.007835353
50.236	-0.001608052
50.24	0.014789811
50.244	0.014663185
50.248	-0.012012211
50.252	-0.02316992
50.256	0.008035756
50.26	0.01768125
50.264	-0.00302419
50.268	-0.008368082
50.272	-0.014835297
50.276	0.007274832
50.28	0.02863606
50.284	0.016861179
50.288	-0.001616607
50.292	-0.077193168
50.296	-0.075572238
50.3	0.090399199
50.304	0.223619446
50.308	-0.102303435
50.312	-0.280835386
50.316	0.104978102
50.32	0.176101636
50.324	-0.035219711
50.328	-0.081345375
50.332	-0.01567446
50.336	0.033522287
50.34	0.030913321
50.344	-0.003170302
50.348	-0.042813203
50.352	9.56175E-05
50.356	0.03891587
50.36	-0.015637835
50.364	-0.018108668
50.368	0.028786166
50.372	0.002412987
50.376	-0.03729743
50.38	0.00320311
50.384	0.038721673
50.388	0.003746087
50.392	-0.0354542
50.396	-0.016627626
50.4	0.024178356
50.404	0.025070107
50.408	-0.009806518
50.412	-0.021340704
50.416	-0.002614632
50.42	0.013483328
50.424	0.017522743
50.428	-0.016240911
50.432	-0.02335066
50.436	0.00175189
50.44	0.027810119
50.444	0.024466793
50.448	-0.021583582
50.452	-0.036407725
50.456	0.002547279
50.46	0.033492519
50.464	0.009666209
50.468	-0.024597475
50.472	-0.020071543
50.476	0.022052358
50.48	0.022963635
50.484	-0.014107605
50.488	-0.015735552
50.492	0.012090198
50.496	0.002756355
50.5	-0.018969086
50.504	-0.00914608
50.508	0.017839258
50.512	0.034074408
50.516	-0.005436272
50.52	-0.045977626
50.524	0.00148975
50.528	0.040595805
50.532	-0.015992527
50.536	-0.03149077
50.54	0.025180074
50.544	0.023938011
50.548	-0.019543266
50.552	-0.016919999
50.556	0.013196322
50.56	0.013540961
50.564	-0.01074971
50.568	-0.009324306
50.572	0.000793614
50.576	0.004142864
50.58	0.012724585
50.584	-0.000876828
50.588	-0.015501441
50.592	-0.010260003
50.596	0.011756326
50.6	0.021408033
50.604	-0.000552018
50.608	-0.019998293
50.612	-0.011734899
50.616	0.014745304
50.62	-0.000362828
50.624	-0.006908063
50.628	0.013792577
50.632	0.007523528
50.636	0.003285061
50.64	-0.027980915
50.644	-0.022870381
50.648	0.039478236
50.652	0.031977072
50.656	-0.034390723
50.66	-0.037469028
50.664	0.015556636
50.668	0.055933706
50.672	-0.000858039
50.676	-0.058243748
50.68	-0.018877263
50.684	0.02593924
50.688	0.037502053
50.692	0.036596953
50.696	-0.041671916
50.7	-0.088762734
50.704	0.021004205
50.708	0.091651945
50.712	0.017980806
50.716	-0.06963937
50.72	-0.029508428
50.724	0.053095094
50.728	0.008731039
50.732	-0.053802004
50.736	0.012927029
50.74	0.047216328
50.744	-0.003959318
50.748	-0.022166795
50.752	-0.022993738
50.756	-0.000695728
50.76	0.027931681
50.764	0.003933031
50.768	0.002764418
50.772	0.000208731
50.776	-0.024106742
50.78	-0.013436629
50.784	0.010260846
50.788	0.039187607
50.792	0.001006084
50.796	-0.036443006
50.8	-0.004351311
50.804	0.00343754
50.808	0.010905811
50.812	0.02280617
50.816	-0.01118364
50.82	-0.028335001
50.824	0.002532174
50.828	0.020534539
50.832	0.009459767
50.836	-0.018550447
50.84	-0.006739266
50.844	0.008848274
50.848	0.00557724
50.852	0.002993494
50.856	-0.005790634
50.86	0.000583596
50.864	-0.014515635
50.868	-0.005294893
50.872	0.033546039
50.876	0.004046824
50.88	-0.02789061
50.884	-0.008870741
50.888	0.016326995
50.892	0.015393439
50.896	-0.006246057
50.9	-0.018398809
50.904	-0.011759595
50.908	0.023430158
50.912	0.018723577
50.916	-0.014669042
50.92	-0.013935869
50.924	0.005614331
50.928	0.008454522
50.932	-0.016198805
50.936	-0.011855414
50.94	0.02659835
50.944	0.035064731
50.948	-0.022521489
50.952	-0.048841015
50.956	0.004696179
50.96	0.034484345
50.964	3.02683E-05
50.968	-0.012735001
50.972	0.007446388
50.976	0.016110988
50.98	0.03788101
50.984	-0.0574354
50.988	-0.148378798
50.992	0.077716812
