82.796	0.012915722	
82.8	-0.010550076	
82.804	-0.019040729	
82.808	0.008753284	
82.812	0.023303054	
82.816	-0.00518232	
82.82	-0.025038221	
82.824	0.003003915	
82.828	0.022505187	
82.832	-0.006737054	
82.836	-0.020539048	
82.84	0.00774919	
82.844	0.03121495	
82.848	-4.16234E-05	
82.852	-0.043200346	
82.856	-0.014970506	
82.86	0.032894621	
82.864	0.033365333	
82.868	-0.009990447	
82.872	-0.034723238	
82.876	-0.009417748	
82.88	0.01268169	
82.884	0.024266326	
82.888	0.006224745	
82.892	-0.026662423	
82.896	-0.010666339	
82.9	0.018544379	
82.904	0.011486882	
82.908	-0.012911965	
82.912	-0.016814422	
82.916	0.012926481	
82.92	0.022570456	
82.924	-0.006638615	
82.928	-0.024158118	
82.932	-0.006473515	
82.936	0.022758161	
82.94	0.010626141	
82.944	-0.025283568	
82.948	-0.002683028	
82.952	0.0346732	
82.956	-0.001341727	
82.96	-0.039678977	
82.964	-0.004120364	
82.968	0.022816315	
82.972	0.012224047	
82.976	0.001536624	
82.98	-0.011364385	
82.984	-0.006544136	
82.988	-0.001021933	
82.992	-0.001182451	
82.996	0.002672322	
83	0.014772784	
83.004	0.007035525	
83.008	-0.022832997	
83.012	-0.020229468	
83.016	0.021647657	
83.02	0.025252139	
83.024	-0.010173314	
83.028	-0.013791742	
83.032	-0.007665709	
83.036	-0.00465975	
83.04	0.012185837	
83.044	0.017330716	
83.048	0.000204678	
83.052	-0.019249352	
83.056	-0.013272127	
83.06	0.018343745	
83.064	0.014597255	
83.068	-0.012522619	
83.072	-0.013310358	
83.076	-0.00300231	
83.08	0.012455772	
83.084	0.018682278	
83.088	-0.005027939	
83.092	-0.018703021	
83.096	-0.001013879	
83.1	-0.003624237	
83.104	0.00573073	
83.108	0.023562971	
83.112	-0.003010585	
83.116	-0.028826912	
83.12	-0.011751824	
83.124	0.024899559	
83.128	0.025478181	
83.132	-0.014120188	
83.136	-0.020545099	
83.14	-0.000686589	
83.144	0.000869191	
83.148	0.007144722	
83.152	0.02308444	
83.156	0.01867139	
83.16	-0.052161987	
83.164	-0.100791725	
83.168	0.037488141	
83.172	0.263757801	
83.176	-0.016024346	
83.18	-0.323058464	
83.184	0.083920479	
83.188	0.012079765	
83.192	-0.081222801	
83.196	0.282616214	
83.2	0.101254697	
83.204	-0.265180408	
83.208	-0.198944405	
83.212	0.096008388	
83.216	0.228788512	
83.22	0.048196798	
83.224	-0.155957051	
83.228	-0.121678817	
83.232	0.039070724	
83.236	0.130308647	
83.24	0.048320485	
83.244	-0.078048503	
83.248	-0.069940792	
83.252	0.026399977	
83.256	0.044470081	
83.26	-0.025463977	
83.264	-0.007920222	
83.268	0.025255649	
83.272	-0.003175974	
83.276	-0.006353577	
83.28	-0.005050169	
83.284	0.00274688	
83.288	0.009887811	
83.292	-0.01029805	
83.296	-0.004839704	
83.3	-0.006428731	
83.304	0.003101748	
83.308	0.020921828	
83.312	0.004784994	
83.316	-0.000631442	
83.32	-0.02504146	
83.324	-0.018826303	
83.328	0.019920805	
83.332	0.018205374	
83.336	0.001788095	
83.34	-0.008675189	
83.344	0.002844127	
83.348	-0.003322404	
83.352	-0.019061424	
83.356	0.000814652	
83.36	0.020998887	
83.364	0.012222024	
83.368	-0.009153067	
83.372	-0.016612259	
83.376	-0.004390431	
83.38	0.007531499	
83.384	0.014016174	
83.388	-0.0014189	
83.392	-0.010745475	
83.396	0.000198381	
83.4	0.002299184	
83.404	0.00300606	
83.408	-0.002505275	
83.412	-0.011642201	
83.416	0.011779887	
83.42	0.022720546	
83.424	-0.021656325	
83.428	-0.034358809	
83.432	0.032513624	
83.436	0.040791407	
83.44	-0.042727191	
83.444	-0.024507743	
83.448	0.023420811	
83.452	0.01068033	
83.456	0.002281925	
83.46	-0.011235532	
83.464	0.003681612	
83.468	0.003454408	
83.472	-0.016726877	
83.476	0.003624748	
83.48	0.015335102	
83.484	-0.001597414	
83.488	-0.008965144	
83.492	0.004828411	
83.496	0.013392133	
83.5	-0.030390608	
83.504	-0.024993316	
83.508	0.085275548	
83.512	0.022715756	
83.516	-0.139414439	
83.52	-0.058517313	
83.524	0.188348192	
83.528	0.159158214	
83.532	-0.225260002	
83.536	-0.185174378	
83.54	0.114633285	
83.544	0.162876317	
83.548	0.019076321	
83.552	-0.106589888	
83.556	-0.040026201	
83.56	0.025625277	
83.564	0.013441462	
83.568	0.011962836	
83.572	-0.00408132	
83.576	0.002896046	
83.58	-0.001495333	
83.584	-0.021890738	
83.588	0.008693375	
83.592	0.022335492	
83.596	-0.002214578	
83.6	-0.015680472	
83.604	-0.008361768	
83.608	0.011071491	
83.612	0.007876097	
83.616	-0.007677703	
83.62	-0.009009856	
83.624	0.011712741	
83.628	0.011090185	
83.632	-0.014622885	
83.636	0.000752594	
83.64	-0.006098121	
83.644	0.001690762	
83.648	0.01306092	
83.652	-0.009113381	
83.656	-0.005144877	
83.66	0.020823106	
83.664	-0.011473418	
83.668	-0.018366086	
83.672	0.018583101	
83.676	0.006280433	
83.68	-0.017912354	
83.684	-0.013016052	
83.688	0.034615518	
83.692	0.021047175	
83.696	-0.03706027	
83.7	-0.027092275	
83.704	0.023552284	
83.708	0.020438003	
83.712	-0.018110028	
83.716	-0.001931213	
83.72	0.024401133	
83.724	-0.005396417	
83.728	-0.028186739	
83.732	-0.009599405	
83.736	0.022511196	
83.74	0.020223112	
83.744	0.017909265	
83.748	-0.047281138	
83.752	-0.028898114	
83.756	0.047910291	
83.76	0.004897177	
83.764	-0.029585456	
83.768	0.023506116	
83.772	0.031559273	
83.776	-0.03946673	
83.78	-0.040863881	
83.784	0.030973575	
83.788	0.046403128	
83.792	-0.022654089	
83.796	-0.031801086	
83.8	0.004705476	
83.804	0.01553131	
83.808	0.009468253	
83.812	0.004434424	
83.816	-0.009281407	
83.82	-0.024549099	
83.824	0.009626434	
83.828	0.018716487	
83.832	-7.54E-05	
83.836	-0.021062293	
83.84	0.002473896	
83.844	0.032125155	
83.848	-0.008386165	
83.852	-0.038264245	
83.856	-0.002137751	
83.86	0.045075747	
83.864	0.012660195	
83.868	-0.03884788	
83.872	-0.022756034	
83.876	0.032503684	
83.88	0.01146399	
83.884	-0.011204545	
83.888	-0.003837863	
83.892	-0.007433315	
83.896	0.008350966	
83.9	0.003443379	
83.904	0.005154943	
83.908	-0.005041978	
83.912	-0.018574695	
83.916	0.00188747	
83.92	0.024348142	
83.924	0.010947329	
83.928	-0.023833684	
83.932	-0.021649522	
83.936	0.025217251	
83.94	0.016380662	
83.944	-0.021564791	
83.948	-0.013129563	
83.952	0.014853794	
83.956	0.014311504	
83.96	-0.010544854	
83.964	0.003874894	
83.968	-0.000347228	
83.972	-0.019685908	
83.976	0.000614312	
83.98	0.017424053	
83.984	0.006714116	
83.988	-0.012355061	
83.992	0.001230909	
83.996	0.006628525	
84	-0.003735336	
84.004	-0.008124828	
84.008	0.005387023	
84.012	-0.001355735	
84.016	-0.009802407	
84.02	0.010951999	
84.024	0.015289546	
84.028	-0.017336979	
84.032	0.008303608	
84.036	0.013561809	
84.04	-0.029395538	
84.044	-0.031677531	
84.048	0.027063546	
84.052	0.056439219	
84.056	-0.008844436	
84.06	-0.04872363	
84.064	-0.009192189	
84.068	0.018656937	
84.072	0.011153892	
84.076	0.009168879	
84.08	0.002315114	
84.084	-0.015203964	
84.088	-0.027644807	
84.092	-0.03835033	
84.096	0.052978727	
84.1	0.160628855	
84.104	-0.090985254	
84.108	-0.180628557	
84.112	0.121507874	
84.116	-0.020333786	
84.12	-0.0810785	
84.124	0.153767602	
84.128	0.046920462	
84.132	-0.020846984	
84.136	-0.026697955	
84.14	-0.199351651	
84.144	0.016122965	
84.148	0.1793627	
84.152	0.047382719	
84.156	-0.027416302	
84.16	-0.139121862	
84.164	-0.004106655	
84.168	0.143356952	
84.172	0.013401655	
84.176	-0.083778082	
84.18	-0.072146986	
84.184	0.010844213	
84.188	0.073241478	
84.192	0.051155183	
84.196	-0.008990127	
84.2	-0.05509282	
84.204	-0.037131444	
84.208	0.014907705	
84.212	0.047154963	
84.216	0.004474387	
84.22	-0.034130158	
84.224	-0.012016815	
84.228	0.014641232	
84.232	0.032404761	
84.236	-0.003270508	
84.24	-0.040353691	
84.244	-0.000826075	
84.248	0.016991106	
84.252	0.00459034	
84.256	0.008691046	
84.26	0.003398227	
84.264	-0.011959591	
84.268	-0.029119294	
84.272	0.006229682	
84.276	0.04330249	
84.28	-0.001847156	
84.284	-0.026150559	
84.288	-0.010079469	
84.292	0.009995426	
84.296	0.011316261	
84.3	-0.010847698	
84.304	0.008884357	
84.308	0.008499398	
84.312	-0.019324251	
84.316	-0.005297152	
84.32	0.013423919	
84.324	0.008255398	
84.328	-0.013019984	
84.332	-0.002574485	
84.336	0.015178987	
84.34	-0.00913731	
84.344	-0.014868608	
84.348	0.007911133	
84.352	0.023369424	
84.356	6.39397E-06	
84.36	-0.027779229	
84.364	-0.000248094	
84.368	0.008564224	
84.372	-0.002550197	
84.376	0.013135878	
84.38	0.005092363	
84.384	-0.012981835	
84.388	-0.012208223	
84.392	0.006172471	
84.396	0.016608731	
84.4	-0.008839835	
84.404	-0.012659023	
84.408	0.012760735	
84.412	0.013266504	
84.416	-0.028541919	
84.42	-0.004022785	
84.424	0.079565483	
84.428	-0.043279012	
84.432	-0.168701427	
84.436	0.116004972	
84.44	0.255780148	
84.444	-0.192675471	
84.448	-0.202026368	
84.452	0.131404824	
84.456	0.140492188	
84.46	-0.052466768	
84.464	-0.135547225	
84.468	0.059796924	
84.472	0.103057712	
84.476	-0.036953241	
84.48	-0.078866483	
84.484	-0.001241143	
84.488	0.061802922	
84.492	0.009457446	
84.496	-0.0358214	
84.5	-0.006547264	
84.504	0.008864841	
84.508	0.006159759	
84.512	0.011346663	
84.516	0.009041973	
84.52	-0.02311277	
84.524	-0.035740778	
84.528	0.02333608	
84.532	0.05379315	
84.536	-0.016025238	
84.54	-0.056447784	
84.544	0.006633756	
84.548	0.045720303	
84.552	0.003689164	
84.556	-0.030117234	
84.56	-0.005894131	
84.564	0.022856809	
84.568	-0.007587757	
84.572	-0.017633766	
84.576	0.010538684	
84.58	0.010290199	
84.584	0.012593183	
84.588	-0.014165207	
84.592	-0.024506412	
84.596	0.017097331	
84.6	0.012047753	
84.604	-0.003734368	
84.608	-0.009059198	
84.612	-0.002310252	
84.616	0.014187323	
84.62	-0.002780303	
84.624	-0.013372503	
84.628	0.008388679	
84.632	0.001233289	
84.636	-0.006243607	
84.64	0.010865555	
84.644	0.007317003	
84.648	-0.021823256	
84.652	-0.010188713	
84.656	0.025491428	
84.66	0.013561654	
84.664	-0.022767683	
84.668	-0.016197953	
84.672	0.019731903	
84.676	0.020299478	
84.68	-0.02964204	
84.684	-0.017292354	
84.688	0.040350774	
84.692	0.013669381	
84.696	-0.039733468	
84.7	-0.00720653	
84.704	0.015180867	
84.708	0.010909179	
84.712	0.003499403	
84.716	-0.018861255	
84.72	0.013586763	
84.724	0.008252291	
84.728	-0.042927052	
84.732	0.006419629	
84.736	0.054240762	
84.74	0.006033599	
84.744	-0.050858408	
84.748	-0.035102242	
84.752	0.038243311	
84.756	0.049768151	
84.76	-0.00831136	
84.764	-0.05032043	
84.768	-0.019831137	
84.772	0.033037855	
84.776	0.034553049	
84.78	-0.004284985	
84.784	-0.038474502	
84.788	-0.013527248	
84.792	0.030121605	
84.796	0.013135276	
84.8	-0.016712355	
84.804	-0.003689537	
84.808	0.016744187	
84.812	-0.008367526	
84.816	-0.020443844	
84.82	-0.001418623	
84.824	0.022510013	
84.828	0.022532565	
84.832	-0.02325371	
84.836	-0.017670914	
84.84	0.020279572	
84.844	-0.008036347	
84.848	-0.018895036	
84.852	0.019029016	
84.856	0.024583531	
84.86	-0.014404861	
84.864	-0.017577256	
84.868	-0.002489188	
84.872	0.005555961	
84.876	0.020195635	
84.88	-0.007116104	
84.884	-0.018305707	
84.888	0.007766296	
84.892	0.004383522	
84.896	0.004028255	
84.9	-0.002378553	
84.904	-0.007605231	
84.908	0.005460259	
84.912	-0.001235178	
84.916	-0.003655569	
84.92	0.008302123	
84.924	0.004104684	
84.928	-0.008380588	
84.932	-0.010349628	
84.936	0.006856754	
84.94	0.01079992	
84.944	-0.001858848	
84.948	-0.010593768	
84.952	0.003019756	
84.956	0.003391847	
84.96	-0.004218828	
84.964	0.02008168	
84.968	-0.000521801	
84.972	-0.042868327	
84.976	-0.01240852	
84.98	0.049966021	
84.984	0.038007177	
84.988	-0.041755894	
84.992	-0.033995999	
84.996	0.019484143	
85	0.004572788	
85.004	-0.002240531	
85.008	0.01815917	
85.012	-0.008285614	
85.016	0.004587579	
85.02	0.0212253	
85.024	-0.05291204	
85.028	-0.104692418	
85.032	0.07387935	
85.036	0.28487379	
85.04	-0.089477533	
85.044	-0.300674688	
85.048	0.075104145	
85.052	-0.030366276	
85.056	0.046832602	
85.06	0.299502036	
85.064	-0.049877311	
85.068	-0.323052597	
85.072	-0.038894078	
85.076	0.250539774	
85.08	0.054160227	
85.084	-0.176497098	
85.088	-0.078664533	
85.092	0.101139182	
85.096	0.14661585	
85.1	0.004655792	
85.104	-0.167340841	
85.108	-0.079477358	
85.112	0.117594773	
85.116	0.060023003	
85.12	-0.04394404	
85.124	-0.009231607	
85.128	-0.016229992	
85.132	-0.007729762	
85.136	0.035520886	
85.14	0.020853106	
85.144	-0.015016612	
85.148	-0.041102317	
85.152	-0.019492866	
85.156	0.047936173	
85.16	0.030546055	
85.164	-0.032090394	
85.168	-0.023130225	
85.172	0.007853495	
85.176	0.02234868	
85.18	0.014413604	
85.184	-0.019998634	
85.188	-0.037091715	
85.192	0.003886247	
85.196	0.047697619	
85.2	0.015505366	
85.204	-0.037739475	
85.208	-0.018340781	
85.212	0.018931267	
85.216	0.004807238	
85.22	-0.00730245	
85.224	0.006966864	
85.228	0.001548981	
85.232	-0.003309273	
85.236	0.009351377	
85.24	-0.007166974	
85.244	-0.023152855	
85.248	0.003543764	
85.252	0.028396879	
85.256	0.006812313	
85.26	-0.014351088	
85.264	-0.007039074	
85.268	-0.009676846	
85.272	0.004390769	
85.276	0.018326381	
85.28	0.001274957	
85.284	-0.016838875	
85.288	-0.008588148	
85.292	0.012130261	
85.296	0.010422441	
85.3	-0.004917434	
85.304	0.002002546	
85.308	-0.000215185	
85.312	-0.014210484	
85.316	-0.004313353	
85.32	0.006928597	
85.324	0.011256228	
85.328	0.012359706	
85.332	-0.006892578	
85.336	-0.020085393	
85.34	-0.009568531	
85.344	0.01076395	
85.348	0.022211632	
85.352	0.003000697	
85.356	-0.017433475	
85.36	-0.014333702	
85.364	-0.004323426	
85.368	0.045955473	
85.372	0.033753083	
85.376	-0.118863614	
85.38	-0.088413904	
85.384	0.243147057	
85.388	0.078586822	
85.392	-0.223022786	
85.396	-0.066741255	
85.4	0.068141485	
85.404	0.08892009	
85.408	0.00700646	
85.412	-0.045605377	
85.416	-0.003361286	
85.42	-0.007027259	
85.424	-0.003820886	
85.428	0.002933096	
85.432	0.001140276	
85.436	0.010285644	
85.44	0.003674848	
85.444	-0.002540989	
85.448	-0.005273456	
85.452	4.1004E-05	
85.456	0.00446914	
85.46	-0.007032913	
85.464	-0.008778961	
85.468	0.005708771	
85.472	0.01700788	
85.476	0.002880305	
85.48	-0.022398204	
85.484	-0.006690704	
85.488	0.016727917	
85.492	0.014996659	
85.496	-0.006359811	
85.5	-0.025721188	
85.504	-0.003131922	
85.508	0.025183514	
85.512	0.010442881	
85.516	-0.017021343	
85.52	-0.013874756	
85.524	0.015344698	
85.528	0.008819028	
85.532	-0.015737781	
85.536	0.004315983	
85.54	0.006888576	
85.544	-0.010022543	
85.548	-0.003377118	
85.552	0.004752484	
85.556	0.011711941	
85.56	0.006262681	
85.564	-0.018586457	
85.568	-0.01699226	
85.572	0.015837882	
85.576	0.018484585	
85.58	-0.006479456	
85.584	-0.00182963	
85.588	-0.013165578	
85.592	-0.009145628	
85.596	0.015398197	
85.6	0.006984666	
85.604	0.009966893	
85.608	7.85124E-05	
85.612	-0.031732645	
85.616	-0.012906821	
85.62	0.030023954	
85.624	0.028161989	
85.628	-0.022183014	
85.632	-0.029286731	
85.636	0.021067683	
85.64	0.015397014	
85.644	-0.020384081	
85.648	-0.003850273	
85.652	0.017698752	
85.656	0.002903213	
85.66	-0.018807854	
85.664	-0.003792349	
85.668	0.02209991	
85.672	0.006300861	
85.676	-0.032521742	
85.68	-0.002770294	
85.684	0.030263741	
85.688	0.008459501	
85.692	-0.013785517	
85.696	-0.018908632	
85.7	-0.007697296	
85.704	0.019337102	
85.708	0.022008847	
85.712	-0.008127057	
85.716	-0.023149423	
85.72	-0.010189408	
85.724	0.020236914	
85.728	0.023064979	
85.732	-0.013498145	
85.736	-0.026431061	
85.74	0.010687354	
85.744	0.01850709	
85.748	-0.018809966	
85.752	-0.001632128	
85.756	0.016239317	
85.76	-0.008096479	
85.764	0.007987321	
85.768	0.012898953	
85.772	-0.038461989	
85.776	-0.016665807	
85.78	0.039445979	
85.784	0.038083205	
85.788	-0.028315263	
85.792	-0.060414611	
85.796	0.023398032	
85.8	0.05713326	
85.804	-0.007135965	
85.808	-0.047061731	
85.812	-0.004980369	
85.816	0.023204405	
85.82	0.004503804	
85.824	0.032890274	
85.828	-0.015559819	
85.832	-0.060680703	
85.836	-0.011149456	
85.84	0.060970388	
85.844	0.049403385	
85.848	-0.035640083	
85.852	-0.056759943	
85.856	0.001488307	
85.86	0.038796677	
85.864	0.007933637	
85.868	-0.014624066	
85.872	0.00451223	
85.876	-0.001435169	
85.88	-0.016457479	
85.884	0.006013468	
85.888	0.02100569	
85.892	-0.009237685	
85.896	-0.01526614	
85.9	0.009053789	
85.904	0.006971484	
85.908	0.00418714	
85.912	-0.02338591	
85.916	0.00324184	
85.92	0.039070799	
85.924	-0.027667285	
85.928	-0.040563114	
85.932	0.046278265	
85.936	0.027750432	
85.94	-0.025838176	
85.944	-0.033901352	
85.948	-0.005935313	
85.952	0.05717241	
85.956	0.006510129	
85.96	-0.053518987	
85.964	0.008028694	
85.968	0.030373636	
85.972	0.002670356	
85.976	-0.056446228	
85.98	-0.059880223	
85.984	0.133678979	
85.988	0.148018309	
85.992	-0.198402421	
85.996	-0.097602638	
86	0.139012795	
86.004	-0.129714329	
86.008	-0.003305523	
86.012	0.272328112	
86.016	0.034061107	
86.02	-0.244461342	
86.024	-0.176458839	
86.028	0.079763324	
86.032	0.350368667	
86.036	0.012797053	
86.04	-0.350607389	
86.044	-0.108873097	
86.048	0.206980212	
86.052	0.241845198	
86.056	-0.119036514	
86.06	-0.231730776	
86.064	0.074054408	
86.068	0.147638567	
86.072	-0.045516856	
86.076	-0.09642395	
86.08	0.017839622	
86.084	0.050574406	
86.088	0.012307256	
86.092	0.006756553	
86.096	-0.015375668	
86.1	-0.035009085	
86.104	-0.029735746	
86.108	0.06744452	
86.112	0.036735442	
86.116	-0.064729753	
86.12	-0.038503444	
86.124	0.045566396	
86.128	0.048841381	
86.132	-0.027063606	
86.136	-0.044904507	
86.14	0.006447637	
86.144	0.037998535	
86.148	-0.020060641	
86.152	0.003635975	
86.156	0.014771932	
86.16	-0.03161719	
86.164	0.002378307	
86.168	0.035907848	
86.172	-0.003782034	
86.176	-0.043749181	
86.18	-0.000189708	
86.184	0.037359263	
86.188	0.022891003	
86.192	-0.027026085	
86.196	-0.028453417	
86.2	-0.01299999	
86.204	0.040151505	
86.208	0.029527559	
86.212	-0.041299698	
86.216	-0.005955154	
86.22	0.009717475	
86.224	0.008253857	
86.228	-0.004467208	
86.232	-0.01468072	
86.236	0.011940673	
86.24	0.016960086	
86.244	-0.020982165	
86.248	-0.016510851	
86.252	0.036606138	
86.256	-0.004381753	
86.26	-0.021463252	
86.264	0.012442335	
86.268	-0.004086043	
86.272	-0.001095486	
86.276	0.001159787	
86.28	-0.005118149	
86.284	0.026977947	
86.288	-0.00792862	
86.292	-0.038346196	
86.296	0.021393681	
86.3	0.007938061	
86.304	0.012585337	
86.308	-0.01944378	
86.312	-0.011762022	
86.316	0.054020613	
86.32	-0.030966134	
86.324	-0.090364695	
86.328	0.04369731	
86.332	0.181101867	
86.336	-0.071582643	
86.34	-0.229302013	
86.344	0.100584447	
86.348	0.156070564	
86.352	-0.056667606	
86.356	-0.084827621	
86.36	0.0271349	
86.364	0.034604065	
86.368	-0.014585714	
86.372	0.001060686	
86.376	-0.018191589	
86.38	-0.002383522	
86.384	0.036599391	
86.388	-0.00861287	
86.392	-0.026885144	
86.396	0.021841201	
86.4	-0.003663731	
86.404	-0.020492186	
86.408	0.030916298	
86.412	-0.008475848	
86.416	-0.023596786	
86.42	0.017612252	
86.424	0.018618499	
86.428	-0.006002109	
86.432	-0.020621237	
86.436	-0.008380926	
86.44	-0.002103638	
86.444	0.041143808	
86.448	0.013345488	
86.452	-0.047923403	
86.456	-0.01539861	
86.46	0.01871781	
86.464	0.033489085	
86.468	-0.001417184	
86.472	-0.047346905	
86.476	0.006176269	
86.48	0.036058546	
86.484	-0.007862423	
86.488	-0.017044704	
86.492	0.004950087	
86.496	0.010031179	
86.5	-0.009220177	
86.504	-0.006933257	
86.508	0.012799775	
86.512	-0.004346721	
86.516	-0.003601278	
86.52	0.009254598	
86.524	0.005088195	
86.528	-0.013507233	
86.532	-0.011705871	
86.536	0.009390737	
86.54	0.011319728	
86.544	0.008522692	
86.548	-0.009058628	
86.552	-0.01506331	
86.556	0.001739082	
86.56	-0.003181352	
86.564	0.010314869	
86.568	0.022755598	
86.572	-0.003474525	
86.576	-0.02651899	
86.58	-0.018211788	
86.584	0.007210197	
86.588	0.028406207	
86.592	0.017160067	
86.596	-0.010132969	
86.6	-0.024354854	
86.604	-0.016929478	
86.608	0.015455677	
86.612	0.022813746	
86.616	-0.001286317	
86.62	-0.018398366	
86.624	-0.003179721	
86.628	0.01907482	
86.632	-0.000263946	
86.636	-0.021375522	
86.64	0.001363667	
86.644	0.017692961	
86.648	0.002332152	
86.652	-0.005646593	
86.656	-0.007045601	
86.66	-0.0139572	
86.664	0.009262064	
86.668	0.029128703	
86.672	0.005936234	
86.676	-0.043385982	
86.68	-0.023392121	
86.684	0.04713051	
86.688	0.020190393	
86.692	-0.021310932	
86.696	-0.007950877	
86.7	-0.014978307	
86.704	0.003250179	
86.708	0.024854419	
86.712	0.001251812	
86.716	-0.006317565	
86.72	-0.017796452	
86.724	-0.004756848	
86.728	0.020047721	
86.732	0.015808178	
86.736	-0.010673307	
86.74	-0.029567762	
86.744	0.005157964	
86.748	0.02736545	
86.752	0.000825011	
86.756	-0.014912655	
86.76	-0.006246408	
86.764	0.005384288	
86.768	0.009538279	
86.772	0.003485959	
86.776	-0.016841837	
86.78	-0.014326699	
86.784	0.023280875	
86.788	0.018860069	
86.792	-0.007239444	
86.796	-0.025380042	
86.8	-0.01474102	
86.804	0.02214359	
86.808	0.029159619	
86.812	-0.007185108	
86.816	-0.031605755	
86.82	-0.000802775	
86.824	0.015536505	
86.828	-0.006143691	
86.832	0.013950213	
86.836	0.01091734	
86.84	-0.026154428	
86.844	-0.00629712	
86.848	0.001571171	
86.852	0.007004753	
86.856	0.030446166	
86.86	-0.010339181	
86.864	-0.033437791	
86.868	-0.009151826	
86.872	0.023582141	
86.876	0.037205438	
86.88	-0.002733237	
86.884	-0.054509046	
86.888	-0.058074611	
86.892	0.047865198	
86.896	0.164145233	
86.9	-0.054975191	
86.904	-0.169989166	
86.908	0.113107593	
86.912	-0.027978806	
86.916	-0.206756381	
86.92	0.182046827	
86.924	0.378347172	
86.928	-0.162052771	
86.932	-0.40259357	
86.936	-0.007360681	
86.94	0.184344488	
86.944	0.222732283	
86.948	-0.052861599	
86.952	-0.237590745	
86.956	0.032744871	
86.96	0.144904405	
86.964	-0.003235667	
86.968	-0.109593579	
86.972	-0.005502502	
86.976	0.093066248	
86.98	-0.031309166	
86.984	-0.062138544	
86.988	0.054550199	
86.992	0.041846419	
86.996	-0.029415793	
87	-0.034216885	
87.004	0.005315251	
87.008	0.016872493	
87.012	0.00054661	
87.016	-0.012821464	
87.02	0.001573553	
87.024	0.031711322	
87.028	-0.007091959	
87.032	-0.045613631	
87.036	0.003333628	
87.04	0.041719158	
87.044	0.01565105	
87.048	-0.042433563	
87.052	-0.009410747	
87.056	0.028279103	
87.06	-0.004089815	
87.064	-0.006458308	
87.068	-0.002274241	
87.072	0.00280184	
87.076	0.003225598	
87.08	0.000778089	
87.084	0.002231507	
87.088	-0.010746622	
87.092	-0.000711775	
87.096	0.018521843	
87.1	-0.008252736	
87.104	-0.015465113	
87.108	0.009536997	
87.112	0.007405968	
87.116	0.003411701	
87.12	-0.00666618	
87.124	-0.020529066	
87.128	-0.004485907	
87.132	0.055792988	
87.136	0.016611581	
87.14	-0.078350203	
87.144	-0.018952628	
87.148	0.049544655	
87.152	0.024236674	
87.156	-0.009861938	
87.16	-0.025234874	
87.164	0.001231857	
87.168	0.015126966	
87.172	-0.005160737	
87.176	-0.004383459	
87.18	-0.008280681	
87.184	0.003760913	
87.188	0.028626817	
87.192	-0.010090079	
87.196	-0.027431094	
87.2	0.004117858	
87.204	0.004929449	
87.208	0.005219383	
87.212	0.083846955	
87.216	-0.080698068	
87.22	-0.178652646	
87.224	0.171636754	
87.228	0.219270693	
87.232	-0.183540325	
87.236	-0.163594633	
87.24	0.075751274	
87.244	0.09421647	
87.248	-0.01785979	
87.252	-0.036172225	
87.256	0.085280632	
87.26	-0.036324457	
87.264	-0.124061553	
87.268	0.070906761	
87.272	0.067657789	
87.276	-0.046612626	
87.28	-0.007878862	
87.284	0.035156838	
87.288	-0.03049071	
87.292	-0.028462113	
87.296	0.038889563	
87.3	0.007934025	
87.304	-0.024236437	
87.308	0.011433002	
87.312	0.015870388	
87.316	-0.018114041	
87.32	-0.016281915	
87.324	0.012008521	
87.328	0.007997126	
87.332	-0.000974057	
87.336	0.010266392	
87.34	-0.011234229	
87.344	-0.022426989	
87.348	0.015508628	
87.352	0.0306018	
87.356	-0.006302312	
87.36	-0.037092927	
87.364	-0.00923247	
87.368	0.028480437	
87.372	0.017753288	
87.376	-0.006628468	
87.38	-0.012860819	
87.384	-0.007543386	
87.388	0.000674134	
87.392	0.01044876	
87.396	0.003991255	
87.4	-0.006504923	
87.404	-0.002099154	
87.408	7.23213E-05	
87.412	0.001707776	
87.416	-0.003504466	
87.42	0.003220374	
87.424	0.011309767	
87.428	-0.005787399	
87.432	-0.010439093	
87.436	0.000916143	
87.44	-0.003150856	
87.444	0.002567324	
87.448	0.014599939	
87.452	0.007581215	
87.456	-0.01454139	
87.46	-0.020227227	
87.464	0.004286325	
87.468	0.021402603	
87.472	0.007712209	
87.476	-0.016836917	
87.48	-0.010800248	
87.484	0.014633303	
87.488	0.006364092	
87.492	-0.014730413	
87.496	-0.005143407	
87.5	0.015030378	
87.504	0.011070359	
87.508	-0.014447154	
87.512	-0.016028946	
87.516	0.003304751	
87.52	0.023096642	
87.524	0.012673585	
87.528	-0.029191072	
87.532	-0.021542768	
87.536	0.022988169	
87.54	0.023499075	
87.544	-0.006356208	
87.548	-0.020590518	
87.552	-0.008741104	
87.556	0.012274692	
87.56	0.016950256	
87.564	0.001265846	
87.568	-0.019109775	
87.572	-0.015997302	
87.576	0.007173113	
87.58	0.02925538	
87.584	0.012116516	
87.588	-0.029635126	
87.592	-0.017717672	
87.596	0.013787815	
87.6	0.005859596	
87.604	-0.004569164	
87.608	0.008377236	
87.612	0.010736859	
87.616	-0.007704095	
87.62	-0.01084679	
87.624	-0.003823191	
87.628	-0.009853509	
87.632	0.011074529	
87.636	0.028742554	
87.64	-0.006822284	
87.644	-0.025504912	
87.648	0.001111396	
87.652	0.009753689	
87.656	0.002557569	
87.66	-0.006462459	
87.664	-0.001166341	
87.668	0.009834714	
87.672	-0.002113653	
87.676	-0.0120543	
87.68	0.012052254	
87.684	0.015336159	
87.688	-0.027512235	
87.692	-0.022821033	
87.696	0.038707046	
87.7	0.025219659	
87.704	-0.032897321	
87.708	-0.024942897	
87.712	0.025599806	
87.716	0.020620589	
87.72	-0.025913548	
87.724	-0.01776759	
87.728	0.030030517	
87.732	0.017472243	
87.736	-0.030022674	
87.74	-0.013437651	
87.744	0.020940852	
87.748	0.011883771	
87.752	-0.01494991	
87.756	-0.015770379	
87.76	0.014692588	
87.764	0.020746268	
87.768	-0.00950392	
87.772	-0.014648989	
87.776	-0.003208927	
87.78	-0.004046399	
87.784	0.007101742	
87.788	0.019570426	
87.792	0.007760147	
87.796	-0.023454917	
87.8	-0.021971328	
87.804	0.014719199	
87.808	0.025944018	
87.812	-0.002642863	
87.816	-0.003777808	
87.82	-0.005374976	
87.824	-0.075528172	
87.828	-0.026402364	
87.832	0.224719208	
87.836	0.044613667	
87.84	-0.279770131	
87.844	0.068240828	
87.848	0.017159392	
87.852	-0.158574341	
87.856	0.244280579	
87.86	0.188307784	
87.864	-0.213385766	
87.868	-0.224862384	
87.872	0.070708736	
87.876	0.232657451	
87.88	0.000865321	
87.884	-0.18049699	
87.888	-0.045720752	
87.892	0.089820516	
87.896	0.090921808	
87.9	0.001672256	
87.904	-0.089923676	
87.908	-0.050591038	
87.912	0.062070594	
87.916	0.047008744	
87.92	-0.042252862	
87.924	-0.031107668	
87.928	0.014644826	
87.932	0.025358061	
87.936	0.01180038	
87.94	-0.016695255	
87.944	-0.013844774	
87.948	0.00876619	
87.952	0.010644608	
87.956	-0.007123942	
87.96	-0.016989037	
87.964	0.002959836	
87.968	0.006461585	
87.972	0.005666437	
87.976	0.016430643	
87.98	0.001371649	
87.984	-0.024721446	
87.988	-0.022211648	
87.992	0.022312981	
87.996	0.028362161	
88	-0.015210841	
88.004	-0.018664203	
88.008	-0.000665858	
88.012	0.009847069	
88.016	0.012013469	
88.02	0.003999447	
88.024	-0.009545768	
88.028	-0.02389791	
88.032	-0.004523001	
88.036	0.033335125	
88.04	0.023928331	
88.044	-0.021072836	
88.048	-0.037691443	
88.052	0.002479837	
88.056	0.024500108	
88.06	0.011927043	
88.064	0.003569045	
88.068	-0.017893391	
88.072	-0.009819352	
88.076	0.007000099	
88.08	-0.003078288	
88.084	0.004735622	
88.088	0.013612934	
88.092	0.001149476	
88.096	-0.017482153	
88.1	-0.015342485	
88.104	0.017078383	
88.108	0.023614994	
88.112	-0.010437154	
88.116	-0.026384337	
88.12	-0.004933029	
88.124	0.02642035	
88.128	0.016688037	
88.132	-0.009626114	
88.136	-0.015946717	
88.14	-0.020234691	
88.144	0.005004107	
88.148	0.037018817	
88.152	0.007911323	
88.156	-0.036458904	
88.16	-0.023759902	
88.164	0.067534133	
88.168	0.056086759	
88.172	-0.200501352	
88.176	-0.062868555	
88.18	0.345972534	
88.184	0.025117345	
88.188	-0.305839416	
88.192	-0.019704664	
88.196	0.1080699	
88.2	0.057465894	
88.204	0.010026589	
88.208	-0.03332874	
88.212	-0.004540945	
88.216	-0.019127018	
88.22	-0.022217503	
88.224	0.023155793	
88.228	0.01840076	
88.232	-2.41031E-05	
88.236	-0.008494458	
88.24	-0.004777663	
88.244	0.007591138	
88.248	-0.005572551	
88.252	-0.003199582	
88.256	0.015	
88.26	0.001642512	
88.264	-0.024038821	
88.268	-0.019407723	
88.272	0.031805018	
88.276	0.041599369	
88.28	-0.024252804	
88.284	-0.042876444	
88.288	-0.008563931	
88.292	0.034290975	
88.296	0.039124372	
88.3	-0.024161442	
88.304	-0.043763138	
88.308	0.003709385	
88.312	0.03973222	
88.316	-0.001782699	
88.32	-0.011303092	
88.324	0.008088424	
88.328	-0.02291124	
88.332	-0.003504072	
88.336	0.021573783	
88.34	0.007471515	
88.344	-0.010993283	
88.348	-0.009727517	
88.352	-0.001133092	
88.356	0.015990446	
88.36	0.01425227	
88.364	-0.01722074	
88.368	-0.031925712	
88.372	0.014757806	
88.376	0.032013054	
88.38	-0.010182611	
88.384	-0.013093149	
88.388	0.004685591	
88.392	0.004906705	
88.396	-0.00959331	
88.4	-0.004511469	
88.404	0.01482951	
88.408	-0.000900252	
88.412	-0.007037419	
88.416	0.000554287	
88.42	0.000967325	
88.424	0.002100478	
88.428	-0.001476542	
88.432	0.007258816	
88.436	-0.008864513	
88.44	-0.011708478	
88.444	0.017760265	
88.448	0.001472448	
88.452	-0.006242766	
88.456	0.00521489	
88.46	-0.015688415	
88.464	0.002703158	
88.468	0.025365428	
88.472	-0.001860153	
88.476	-0.025239568	
88.48	-0.013189982	
88.484	0.01773148	
88.488	0.019768791	
88.492	0.002397276	
88.496	-0.018122694	
88.5	-0.011891068	
88.504	0.012822699	
88.508	0.00234044	
88.512	0.000390296	
88.516	0.00145498	
88.52	-0.01392491	
88.524	0.006728932	
88.528	0.010059795	
88.532	0.005528624	
88.536	-0.010196416	
88.54	-0.018668696	
88.544	0.017506041	
88.548	0.002251718	
88.552	-0.013733084	
88.556	0.01267682	
88.56	0.024501951	
88.564	-0.012432955	
88.568	-0.053100758	
88.572	0.016032207	
88.576	0.04871907	
88.58	-0.013883743	
88.584	-0.010894101	
88.588	-0.000576764	
88.592	-0.002619738	
88.596	-0.001358347	
88.6	-0.01522413	
88.604	0.022745064	
88.608	0.01661171	
88.612	-0.01849265	
88.616	-0.004062956	
88.62	-0.005650329	
88.624	0.00376615	
88.628	0.000428811	
88.632	0.000698702	
88.636	0.025240036	
88.64	-0.028431243	
88.644	-0.008743082	
88.648	0.02832398	
88.652	-0.007870202	
88.656	-0.022692565	
88.66	0.001460309	
88.664	0.029517368	
88.668	0.012144522	
88.672	-0.021212161	
88.676	-0.028967976	
88.68	0.003684044	
88.684	0.032415145	
88.688	0.004352064	
88.692	-0.02109665	
88.696	-0.005101108	
88.7	0.014589366	
88.704	0.004975602	
88.708	-0.008261265	
88.712	-0.006072637	
88.716	-0.016056293	
88.72	0.015374097	
88.724	0.052323248	
88.728	-0.02182622	
88.732	-0.079172405	
88.736	-0.032560163	
88.74	0.078666403	
88.744	0.174620918	
88.748	-0.082372415	
88.752	-0.216481743	
88.756	0.092768725	
88.76	-0.00125872	
88.764	-0.030507551	
88.768	0.173286871	
88.772	-0.019398506	
88.776	-0.093566776	
88.78	0.057483043	
88.784	-0.088937889	
88.788	-0.066658516	
88.792	0.086041976	
88.796	0.051798427	
88.8	0.067017587	
88.804	-0.096828148	
88.808	-0.102161577	
88.812	0.141235118	
88.816	0.069005472	
88.82	-0.118656078	
88.824	-0.085978297	
88.828	0.052434849	
88.832	0.072362362	
88.836	0.005573028	
88.84	-0.011592924	
88.844	-0.005545805	
88.848	-0.012911473	
88.852	-0.026390889	
88.856	-0.016471795	
88.86	0.034052343	
88.864	0.046905937	
88.868	-0.014531659	
88.872	-0.044721783	
88.876	-0.005072011	
88.88	0.016064764	
88.884	0.011562152	
88.888	0.010806267	
88.892	0.000357112	
88.896	-0.01468827	
88.9	-0.026152124	
88.904	0.012721075	
88.908	0.03176658	
88.912	-0.009810428	
88.916	-0.017780498	
88.92	0.003918912	
88.924	0.006206312	
88.928	-0.005190428	
88.932	0.011290701	
88.936	0.006972544	
88.94	-0.025530704	
88.944	-0.011617835	
88.948	0.021879862	
88.952	0.021796444	
88.956	-0.012259867	
88.96	-0.024152581	
88.964	0.009386641	
88.968	0.020726589	
88.972	-0.01479679	
88.976	-0.017845131	
88.98	0.01679289	
88.984	0.011194522	
88.988	-0.007596307	
88.992	0.000696888	
88.996	-0.001276352	
89	-0.013412538	
89.004	0.000559772	
89.008	0.02127644	
89.012	0.00501298	
89.016	-0.023113099	
89.02	-0.008333199	
89.024	0.019673523	
89.028	0.010280127	
89.032	-0.01748513	
89.036	-0.013459093	
89.04	0.028277278	
89.044	0.009745743	
89.048	-0.033487573	
89.052	-0.010173419	
89.056	0.011042999	
89.06	0.018975077	
89.064	0.057891909	
89.068	-0.036033378	
89.072	-0.150640093	
89.076	0.023859787	
89.08	0.255287051	
89.084	-0.032819376	
89.088	-0.230445107	
89.092	-0.011801685	
89.096	0.132441886	
89.1	0.107300521	
89.104	-0.120618201	
89.108	-0.126769541	
89.112	0.128121489	
89.116	0.098065788	
89.12	-0.061181158	
89.124	-0.097832502	
89.128	-0.010434982	
89.132	0.071372484	
89.136	0.040791006	
89.14	-0.021209078	
89.144	-0.039126091	
89.148	-0.000231608	
89.152	0.026501404	
89.156	0.000356424	
89.16	-0.006175469	
89.164	-0.009309371	
89.168	-0.030620049	
89.172	0.017019296	
89.176	0.059705204	
89.18	0.007555136	
89.184	-0.056664014	
89.188	-0.041559091	
89.192	0.0287279	
89.196	0.043413808	
89.2	-0.000712343	
89.204	-0.027257609	
89.208	-0.011155235	
89.212	0.023841348	
89.216	0.012486556	
89.22	-0.018004367	
89.224	-0.024031665	
89.228	0.003525604	
89.232	0.030106209	
89.236	0.011988125	
89.24	-0.016462416	
89.244	-0.023896218	
89.248	-0.002417454	
89.252	0.029086633	
89.256	0.008822769	
89.26	-0.014429857	
89.264	-0.014589866	
89.268	-0.006010238	
89.272	0.019945546	
89.276	0.009878986	
89.28	-0.007300389	
89.284	-0.008786606	
89.288	-0.010721381	
89.292	0.014069922	
89.296	0.011631184	
89.3	-0.012669989	
89.304	-0.008265745	
89.308	0.008178557	
89.312	0.0114887	
89.316	-0.008627262	
89.32	-0.017242112	
89.324	0.008515164	
89.328	0.020392352	
89.332	0.001931015	
89.336	-0.015372604	
89.34	-0.024035593	
89.344	0.002114996	
89.348	0.040530433	
89.352	0.013849518	
89.356	-0.039343987	
89.36	-0.019968632	
89.364	0.017321064	
89.368	0.02538803	
89.372	0.005939539	
89.376	-0.027424158	
89.38	-0.021448791	
89.384	0.012269452	
89.388	0.033943471	
89.392	0.009543829	
89.396	-0.029904045	
89.4	-0.023970295	
89.404	0.005400933	
89.408	0.025686833	
89.412	0.022050132	
89.416	-0.018432309	
89.42	-0.029638638	
89.424	0.001947189	
89.428	0.019977064	
89.432	0.013646773	
89.436	-0.003596515	
89.44	-0.02162301	
89.444	-0.007817693	
89.448	0.016778047	
89.452	0.012503944	
89.456	-0.003549498	
89.46	-0.007557604	
89.464	-0.009594442	
89.468	-0.005566589	
89.472	0.016783771	
89.476	0.008824636	
89.48	-0.007314226	
89.484	0.00080379	
89.488	-0.012422714	
89.492	-0.004586813	
89.496	0.010383354	
89.5	0.01014414	
89.504	0.001624153	
89.508	-0.013247551	
89.512	-0.007442758	
89.516	0.012900894	
89.52	0.010975292	
89.524	-0.015130291	
89.528	-0.012341703	
89.532	0.002103173	
89.536	0.017457074	
89.54	0.02304429	
89.544	-0.020481853	
89.548	-0.037111439	
89.552	0.014088631	
89.556	0.034097867	
89.56	0.001790469	
89.564	-0.038770591	
89.568	-0.007819295	
89.572	0.044445748	
89.576	0.007730759	
89.58	-0.032634735	
89.584	-0.018183915	
89.588	0.014986921	
89.592	0.031347574	
89.596	-0.003535056	
89.6	-0.036677573	
89.604	-0.007130357	
89.608	0.039352998	
89.612	0.016807259	
89.616	-0.030654504	
89.62	-0.028559	
89.624	0.008186746	
89.628	0.038122781	
89.632	0.009487764	
89.636	-0.030435126	
89.64	-0.010411727	
89.644	0.002359379	
89.648	0.005425665	
89.652	0.030028776	
89.656	0.014661544	
89.66	-0.063341276	
89.664	-0.093744517	
89.668	0.094011678	
89.672	0.231913619	
89.676	-0.15324511	
89.68	-0.190603848	
89.684	0.153776728	
89.688	-0.106554142	
89.692	-0.048379672	
89.696	0.31333065	
89.7	0.036022806	
89.704	-0.292337244	
89.708	-0.113125228	
89.712	0.195287086	
89.716	0.138743271	
89.72	-0.131387147	
89.724	-0.108417316	
89.728	0.056304517	
89.732	0.087652314	
89.736	0.038027806	
89.74	-0.078675239	
89.744	-0.078204378	
89.748	0.057354358	
89.752	0.072745199	
89.756	-0.038933588	
89.76	-0.0584186	
89.764	0.00253492	
89.768	0.048174626	
89.772	0.038006813	
89.776	-0.034764668	
89.78	-0.037969317	
89.784	0.016620656	
89.788	0.020835242	
89.792	-0.00562535	
89.796	-0.019648862	
89.8	-0.006222253	
89.804	0.021648802	
89.808	0.019327124	
89.812	-0.012207014	
89.816	-0.018506377	
89.82	0.008461747	
89.824	0.008020882	
89.828	-0.018027622	
89.832	-0.008040987	
89.836	0.018983865	
89.84	0.018552556	
89.844	-0.000425979	
89.848	-0.020499971	
89.852	-0.021806136	
89.856	0.007934683	
89.86	0.031798093	
89.864	0.008130285	
89.868	-0.031531845	
89.872	-0.018259493	
89.876	0.029488749	
89.88	0.017938775	
89.884	-0.018884376	
89.888	-0.016156412	
89.892	0.016306288	
89.896	0.007773884	
89.9	-0.060124139	
89.904	0.034698915	
89.908	0.094594806	
89.912	-0.016445531	
89.916	-0.126926735	
89.92	-0.044752633	
89.924	0.123524138	
89.928	0.074634266	
89.932	-0.06860097	
89.936	-0.060986257	
89.94	0.026580322	
89.944	0.021491546	
89.948	-0.022751194	
89.952	0.010255152	
89.956	0.029355827	
89.96	-0.017737537	
89.964	-0.027104309	
89.968	0.005261162	
89.972	0.028882793	
89.976	0.005127359	
89.98	-0.023316027	
89.984	-0.016412112	
89.988	0.007788836	
89.992	0.02956908	
89.996	-0.025065001	
90	-0.000668347	
90.004	0.121992233	
90.008	-0.15611129	
90.012	-0.200835219	
90.016	0.345197235	
90.02	0.15871669	
90.024	-0.311715999	
90.028	-0.106108769	
90.032	0.093989213	
90.036	0.095864567	
90.04	0.044456741	
90.044	-0.0391234	
90.048	-0.037636824	
90.052	-0.034169112	
90.056	8.57992E-06	
90.06	0.032638096	
90.064	0.004160979	
90.068	0.004128417	
90.072	0.012932791	
90.076	-0.009933841	
90.08	-0.014195195	
90.084	-0.008161059	
90.088	-0.006377326	
90.092	0.016981224	
90.096	0.025983495	
90.1	-0.011790117	
90.104	-0.030911731	
90.108	0.001453304	
90.112	0.027910852	
90.116	0.006955942	
90.12	-0.021181773	
90.124	-0.006112673	
90.128	0.00623775	
90.132	-0.002683948	
90.136	0.010994355	
90.14	0.005935406	
90.144	-0.014054766	
90.148	-0.000647335	
90.152	0.009943369	
90.156	-0.00886769	
90.16	-0.009106029	
90.164	0.01209282	
90.168	0.00491058	
90.172	-0.005073282	
90.176	0.010431576	
90.18	0.000907556	
90.184	-0.028603282	
90.188	-0.008835206	
90.192	0.027655814	
90.196	0.021356251	
90.2	-0.00206525	
90.204	-0.023177815	
90.208	-0.028882686	
90.212	0.011860996	
90.216	0.036224037	
90.22	0.008381929	
90.224	-0.023587613	
90.228	-0.014840663	
90.232	0.004599135	
90.236	0.005820151	
90.24	0.006659215	
90.244	0.005563615	
90.248	-0.007522177	
90.252	-0.017664636	
90.256	0.007700431	
90.26	0.026681786	
90.264	-0.009893835	
90.268	-0.021505011	
90.272	0.013265345	
90.276	0.002882004	
90.28	-0.017614939	
90.284	0.014260687	
90.288	0.012316835	
90.292	-0.015753299	
90.296	-0.002355471	
90.3	0.012635773	
90.304	-0.003907663	
90.308	-0.011511655	
90.312	0.010252908	
90.316	0.010722635	
90.32	-0.0242288	
90.324	-0.01313887	
90.328	0.034478006	
90.332	0.019713989	
90.336	-0.0294359	
90.34	-0.016615743	
90.344	0.016542208	
90.348	0.000681601	
90.352	-0.006253199	
90.356	0.01071086	
90.36	-0.006982308	
90.364	-0.005675608	
90.368	0.019086963	
90.372	0.002439126	
90.376	-0.023474821	
90.38	-0.007092193	
90.384	0.019436508	
90.388	0.007110068	
90.392	-0.008597217	
90.396	-0.006762357	
90.4	0.005851811	
90.404	0.000443794	
90.408	-0.006317137	
90.412	0.008300731	
90.416	0.002155634	
90.42	-0.006566308	
90.424	0.00229099	
90.428	-0.004444998	
90.432	0.004540783	
90.436	0.00241342	
90.44	-0.010406904	
90.444	0.005740541	
90.448	0.0017861	
90.452	0.005835191	
90.456	0.006878661	
90.46	-0.02314159	
90.464	-0.006958678	
90.468	0.015934129	
90.472	0.016204907	
90.476	-0.004693519	
90.48	-0.02351683	
90.484	0.007175325	
90.488	0.022666608	
90.492	-0.019395393	
90.496	-0.02555655	
90.5	0.033463256	
90.504	0.019204156	
90.508	-0.023642753	
90.512	-0.008511648	
90.516	0.005979046	
90.52	0.002675224	
90.524	-0.007566013	
90.528	-0.000706971	
90.532	0.020424766	
90.536	0.003460149	
90.54	-0.040151765	
90.544	0.005985362	
90.548	0.039129241	
90.552	-0.002632302	
90.556	-0.020580273	
90.56	-0.01629654	
90.564	0.000449935	
90.568	0.031539401	
90.572	0.01090293	
90.576	-0.018729824	
90.58	-0.034790341	
90.584	-0.049442004	
90.588	0.074922187	
90.592	0.172851404	
90.596	-0.135737796	
90.6	-0.14855411	
90.604	0.130174895	
90.608	-0.090294803	
90.612	-0.063363831	
90.616	0.270879048	
90.62	0.104623108	
90.624	-0.250691497	
90.628	-0.231394685	
90.632	0.15186135	
90.636	0.283830613	
90.64	-0.079674403	
90.644	-0.201776677	
90.648	-0.043325889	
90.652	0.119895056	
90.656	0.163768702	
90.66	-0.119151554	
90.664	-0.152697597	
90.668	0.129803729	
90.672	0.119252388	
90.676	-0.146323285	
90.68	-0.120380476	
90.684	0.130081435	
90.688	0.080429977	
90.692	-0.043098711	
90.696	-0.013337026	
90.7	-0.007478577	
90.704	-0.066620317	
90.708	0.014181724	
90.712	0.112302877	
90.716	-0.025128267	
90.72	-0.076049704	
90.724	0.004255388	
90.728	0.024468781	
90.732	0.020975029	
90.736	0.005518758	
90.74	-0.018963581	
90.744	-0.022365833	
90.748	0.011973809	
90.752	0.027573645	
90.756	-0.02217541	
90.76	-0.00227005	
90.764	0.0213261	
90.768	-0.022495132	
90.772	-0.019093118	
90.776	0.010641508	
90.78	0.052555198	
90.784	-0.005052828	
90.788	-0.065293742	
90.792	0.013661179	
90.796	0.036384403	
90.8	-0.008701189	
90.804	-0.037690324	
90.808	0.013886117	
90.812	0.054889088	
90.816	-0.012747638	
90.82	-0.052676706	
90.824	-0.005688483	
90.828	0.036696651	
90.832	0.014773486	
90.836	-0.013179679	
90.84	-0.013562431	
90.844	-0.008055513	
90.848	0.015470298	
90.852	0.020923183	
90.856	-0.02344326	
90.86	-0.011748626	
90.864	0.011425248	
90.868	-0.008336889	
90.872	0.01826357	
90.876	0.019246153	
90.88	-0.031221357	
90.884	-0.02769455	
90.888	0.02939242	
90.892	0.032914401	
90.896	-0.026589961	
90.9	-0.022214412	
90.904	0.014852309	
90.908	-0.012908424	
90.912	0.011707446	
90.916	0.073268863	
90.92	-0.035497783	
90.924	-0.180416637	
90.928	0.094368329	
90.932	0.280710646	
90.936	-0.223657916	
90.94	-0.196878446	
90.944	0.20843729	
90.948	0.097034146	
90.952	-0.114469331	
90.956	-0.08114203	
90.96	0.090092388	
90.964	0.063773697	
90.968	-0.075888102	
90.972	-0.036408374	
90.976	0.019298695	
90.98	0.02574214	
90.984	0.035648016	
90.988	-0.020688017	
90.992	-0.046243161	
90.996	0.001224739	
91	0.037290207	
91.004	0.010954322	
91.008	-0.026366985	
91.012	-0.008398392	
91.016	0.013130882	
91.02	0.010169334	
91.024	-0.00774699	
91.028	-0.012884472	
91.032	0.004244571	
91.036	0.005586766	
91.04	0.008294408	
91.044	0.007800269	
91.048	-0.018537731	
91.052	-0.016123736	
91.056	0.005993728	
91.06	0.023198105	
91.064	0.010821967	
91.068	-0.015736684	
91.072	-0.022000441	
91.076	0.000900488	
91.08	0.023378427	
91.084	0.004105249	
91.088	-0.011255083	
91.092	-0.002457145	
91.096	-0.011136168	
91.1	0.013716781	
91.104	0.020541088	
91.108	-0.021610559	
91.112	-0.015409146	
91.116	0.004894995	
91.12	0.014143613	
91.124	0.01839974	
91.128	-0.011144043	
91.132	-0.032939151	
91.136	0.004149094	
91.14	0.03174836	
91.144	0.002101424	
91.148	-0.01736069	
91.152	-0.004465139	
91.156	0.002059499	
91.16	0.005697177	
91.164	0.001907204	
91.168	-0.009723616	
91.172	0.003319468	
91.176	0.012069855	
91.18	0.003164202	
91.184	-0.016766032	
91.188	-0.015220646	
91.192	0.014491971	
91.196	0.022437819	
91.2	-0.009433187	
91.204	-0.015441756	
91.208	0.005396715	
91.212	0.003312393	
91.216	-0.003152467	
91.22	0.002112119	
91.224	0.003997771	
91.228	-0.004224246	
91.232	-0.003924223	
91.236	0.002910992	
91.24	0.006241949	
91.244	-0.002511814	
91.248	-0.00820515	
91.252	0.009241059	
91.256	-0.001755917	
91.26	-0.013033581	
91.264	0.016941165	
91.268	0.006704377	
91.272	-0.017816449	
91.276	-0.008113064	
91.28	0.017508624	
91.284	0.013531605	
91.288	-0.025622543	
91.292	-0.008905294	
91.296	0.023133721	
91.3	0.00857785	
91.304	-0.012942122	
91.308	-0.017486215	
91.312	0.020208836	
91.316	0.013842213	
91.32	-0.034800477	
91.324	-0.00597323	
91.328	0.035550607	
91.332	0.011979464	
91.336	-0.025417224	
91.34	-0.019142268	
91.344	0.014659868	
91.348	0.019656715	
91.352	-0.013355667	
91.356	-0.018654852	
91.36	0.020502021	
91.364	0.013717131	
91.368	-0.02119853	
91.372	-0.004854896	
91.376	0.010184981	
91.38	0.001361266	
91.384	0.001490146	
91.388	-0.006492004	
91.392	-0.007471278	
91.396	0.008838315	
91.4	0.018053609	
91.404	-0.007077533	
91.408	-0.021853281	
91.412	-0.002279108	
91.416	0.013370088	
91.42	0.011216677	
91.424	-0.009803618	
91.428	-0.002517049	
91.432	0.011882683	
91.436	-0.011471692	
91.44	-0.005157385	
91.444	0.007996742	
91.448	-0.008823966	
91.452	-0.00410946	
91.456	0.020834001	
91.46	0.029477879	
91.464	-0.017684425	
91.468	-0.064266588	
91.472	-0.03205541	
91.476	0.045098612	
91.48	0.141917789	
91.484	-0.000663745	
91.488	-0.185587516	
91.492	0.034281192	
91.496	0.042334471	
91.5	-0.129906083	
91.504	0.109605653	
91.508	0.178658426	
91.512	-0.058718189	
91.516	-0.122407017	
91.52	-0.079468143	
91.524	0.030284923	
91.528	0.088280073	
91.532	-0.007766251	
91.536	0.013629684	
91.54	0.033510342	
91.544	-0.080323628	
91.548	-0.0167597	
91.552	0.061369189	
91.556	-0.012554545	
91.56	-0.024815051	
91.564	0.013563682	
91.568	0.003793186	
91.572	-0.017458146	
91.576	0.006696174	
91.58	0.039392491	
91.584	-0.003336972	
91.588	-0.051029927	
91.592	-0.006724135	
91.596	0.03587827	
91.6	0.020291383	
91.604	-0.009860707	
91.608	-0.034165691	
91.612	-0.006642494	
91.616	0.026816146	
91.62	0.005865974	
91.624	0.000850445	
91.628	0.004747636	
91.632	-0.006790919	
91.636	-0.018225962	
91.64	-0.01114729	
91.644	0.017806198	
91.648	0.024431609	
91.652	-0.00580999	
91.656	-0.0237255	
91.66	0.001597829	
91.664	0.017537457	
91.668	-0.006321311	
91.672	-0.010860693	
91.676	0.005533165	
91.68	0.009744302	
91.684	-0.005539479	
91.688	-0.008024784	
91.692	0.010756652	
91.696	0.000363785	
91.7	-0.012147397	
91.704	0.006645756	
91.708	0.012548639	
91.712	-0.013031205	
91.716	-0.017126216	
91.72	0.016621333	
91.724	0.019207132	
91.728	-0.002247117	
91.732	-0.017974623	
91.736	-0.023836252	
91.74	0.010277654	
91.744	0.037971026	
91.748	0.00583603	
91.752	-0.033665327	
91.756	-0.012675122	
91.76	0.016656044	
91.764	0.003250732	
91.768	-0.000624852	
91.772	0.009021618	
91.776	-0.006921835	
91.78	-0.010115867	
91.784	0.013716354	
91.788	-0.011331548	
91.792	-0.024056861	
91.796	0.050882083	
91.8	0.067526461	
91.804	-0.129834344	
91.808	-0.111696114	
91.812	0.168429201	
91.816	0.153547312	
91.82	-0.126094999	
91.824	-0.124229457	
91.828	-0.023272974	
91.832	0.086169348	
91.836	0.105488541	
91.84	-0.055303025	
91.844	-0.041875872	
91.848	0.011214347	
91.852	-0.021697824	
91.856	-0.003466618	
91.86	0.025111627	
91.864	0.01461046	
91.868	-0.005457781	
91.872	-0.02083635	
91.876	0.004574473	
91.88	0.021316278	
91.884	-0.006133021	
91.888	-0.024859582	
91.892	-0.00711772	
91.896	0.02323746	
91.9	0.027786287	
91.904	-0.014289114	
91.908	-0.035573035	
91.912	0.005237815	
91.916	0.01798077	
91.92	0.010565656	
91.924	-0.002393372	
91.928	-0.014239275	
91.932	-0.004105113	
91.936	0.000435605	
91.94	0.012820661	
91.944	0.002855439	
91.948	-0.011940926	
91.952	0.00053574	
91.956	0.015225401	
91.96	-0.001868322	
91.964	-0.030221173	
91.968	-0.001593264	
91.972	0.031820404	
91.976	0.017287001	
91.98	-0.014771466	
91.984	-0.026962096	
91.988	-0.010641514	
91.992	0.01602719	
91.996	0.029683493	
92	0.007835243	
92.004	-0.034118853	
92.008	-0.02808596	
92.012	0.021686791	
92.016	0.040516443	
92.02	3.5065E-05	
92.024	-0.043307316	
92.028	-0.02177274	
92.032	0.037648258	
92.036	0.030474936	
92.04	-0.021416966	
92.044	-0.031111269	
92.048	0.010031651	
92.052	0.02036248	
92.056	-0.003731167	
92.06	0.004681586	
92.064	-0.012915149	
92.068	-0.028321188	
92.072	0.034493522	
92.076	0.029499531	
92.08	-0.0267625	
92.084	-0.023368822	
92.088	-0.0043872	
92.092	0.019131407	
92.096	0.021936712	
92.1	-0.003786264	
92.104	-0.021019768	
92.108	-0.007226919	
92.112	0.013924664	
92.116	0.001021125	
92.12	-0.011741021	
92.124	0.004533871	
92.128	0.010530011	
92.132	0.014874127	
92.136	-0.015602896	
92.14	-0.018507096	
92.144	-0.001644953	
92.148	0.001069892	
92.152	0.032590106	
92.156	0.005087359	
92.16	-0.02986305	
92.164	-0.008718796	
92.168	0.013031336	
92.172	0.009069128	
92.176	-0.018585135	
92.18	0.011624507	
92.184	0.018107165	
92.188	-0.020639945	
92.192	0.003272356	
92.196	-0.009170955	
92.2	-0.003173334	
92.204	0.020365655	
92.208	-0.004900841	
92.212	-0.005262516	
92.216	0.010956663	
92.22	-0.01003539	
92.224	-0.009893016	
92.228	-0.006260282	
92.232	0.022188697	
92.236	0.018008095	
92.24	-0.015378171	
92.244	-0.016716709	
92.248	-0.023368098	
92.252	0.028759293	
92.256	0.044034902	
92.26	-0.043490529	
92.264	-0.027326907	
92.268	0.030934787	
92.272	0.024707318	
92.276	-0.027035741	
92.28	-0.009940477	
92.284	-0.002243072	
92.288	0.008745427	
92.292	0.033936476	
92.296	-0.02690044	
92.3	-0.018666976	
92.304	0.013792205	
92.308	0.000495894	
92.312	0.010605075	
92.316	-0.01552874	
92.32	-0.005904441	
92.324	0.04274097	
92.328	-0.015800086	
92.332	-0.042363317	
92.336	0.015483558	
92.34	0.028209989	
92.344	-0.029382074	
92.348	0.006756544	
92.352	0.042546443	
92.356	-0.031618754	
92.36	-0.025629017	
92.364	0.018703595	
92.368	0.00811488	
92.372	-0.01228403	
92.376	0.00568595	
92.38	0.040469488	
92.384	-0.037975355	
92.388	-0.063177083	
92.392	-0.001823162	
92.396	0.119790535	
92.4	0.097704342	
92.404	-0.186931343	
92.408	-0.048273604	
92.412	0.114618051	
92.416	-0.151196841	
92.42	0.022699081	
92.424	0.28714302	
92.428	-0.001917533	
92.432	-0.293794878	
92.436	-0.130301375	
92.44	0.280604877	
92.444	0.151242426	
92.448	-0.210606259	
92.452	-0.113541529	
92.456	0.053913002	
92.46	0.160639408	
92.464	0.017389409	
92.468	-0.187839365	
92.472	0.028581216	
92.476	0.145652026	
92.48	-0.066253096	
92.484	-0.086173652	
92.488	0.038616463	
92.492	0.00356078	
92.496	0.015669315	
92.5	0.056762391	
92.504	-0.014352127	
92.508	-0.069456779	
92.512	-0.010304204	
92.516	0.055341446	
92.52	0.007340377	
92.524	-0.047014035	
92.528	0.007111124	
92.532	0.047027931	
92.536	-0.015985866	
92.54	-0.028250044	
92.544	0.015162613	
92.548	0.007826404	
92.552	-0.027580393	
92.556	0.005381403	
92.56	0.043727472	
92.564	-0.01423838	
92.568	-0.029423431	
92.572	-0.005306473	
92.576	0.021287317	
92.58	0.0199565	
92.584	-0.030488787	
92.588	-0.008278356	
92.592	0.02269883	
92.596	0.014144334	
92.6	-0.013472694	
92.604	-0.032608508	
92.608	0.018359641	
92.612	0.022894389	
92.616	-0.016829568	
92.62	0.002779541	
92.624	0.010167475	
92.628	-0.017347639	
92.632	-0.015399441	
92.636	0.033011483	
92.64	0.01334936	
92.644	-0.031892033	
92.648	-0.022452379	
92.652	0.018210895	
92.656	0.03950669	
92.66	0.000192853	
92.664	-0.036862568	
92.668	-0.018871486	
92.672	0.011057857	
92.676	0.028150258	
92.68	0.013467532	
92.684	-0.027708763	
92.688	-0.023775682	
92.692	0.031232329	
92.696	0.020984056	
92.7	-0.02449267	
92.704	-0.020772645	
92.708	-0.003655348	
92.712	0.015024552	
92.716	0.033098941	
92.72	0.048768032	
92.724	-0.085127271	
92.728	-0.125709977	
92.732	0.088089616	
92.736	0.248039281	
92.74	-0.122772426	
92.744	-0.253796639	
92.748	0.105505355	
92.752	0.168613786	
92.756	-0.058873331	
92.76	-0.077159328	
92.764	0.043726404	
92.768	0.015897984	
92.772	-0.034156594	
92.776	-0.005923293	
92.78	0.021810326	
92.784	0.01181158	
92.788	-0.020346875	
92.792	0.002187777	
92.796	0.019192729	
92.8	-0.005636299	
92.804	-0.020516439	
92.808	-0.012254538	
92.812	0.025905491	
92.816	0.016882917	
92.82	-0.014047195	
92.824	-0.016332184	
92.828	0.00891127	
92.832	0.0052686	
92.836	-0.008739703	
92.84	0.012812104	
92.844	0.000718865	
92.848	-0.021868927	
92.852	-0.00155807	
92.856	0.024428642	
92.86	0.016478049	
92.864	-0.026520246	
92.868	-0.020050695	
92.872	0.018465874	
92.876	0.007508932	
92.88	-0.005925427	
92.884	0.004066179	
92.888	0.007374452	
92.892	-0.011123475	
92.896	-0.021155705	
92.9	0.020186541	
92.904	0.02766981	
92.908	-0.017600016	
92.912	-0.02751028	
92.916	0.001670101	
92.92	0.01595902	
92.924	0.020903021	
92.928	0.001072349	
92.932	-0.028165723	
92.936	-0.016334076	
92.94	0.015872275	
92.944	0.020440198	
92.948	-0.00023867	
92.952	-0.010580457	
92.956	-0.005853948	
92.96	-0.001759781	
92.964	0.004274707	
92.968	0.006220992	
92.972	-0.003761155	
92.976	-0.00654014	
92.98	0.005482658	
92.984	0.004644105	
92.988	-0.001794672	
92.992	0.005975758	
92.996	-0.011087682	
93	-0.011753967	
93.004	0.009351973	
93.008	0.01279723	
93.012	0.006074416	
93.016	-0.015099321	
93.02	-0.015841756	
93.024	0.018005622	
93.028	0.009778226	
93.032	-0.011722831	
93.036	-0.001913751	
93.04	0.010259027	
93.044	-0.001732293	
93.048	-0.025332812	
93.052	0.009600645	
93.056	0.028662325	
93.06	-0.011297481	
93.064	-0.012431474	
93.068	0.0073071	
93.072	-0.000948521	
93.076	-0.002843592	
93.08	-0.009210369	
93.084	0.000635349	
93.088	0.023966239	
93.092	0.004746892	
93.096	-0.015431478	
93.1	-0.016343288	
93.104	-0.005313086	
93.108	0.019546385	
93.112	0.014814351	
93.116	-0.007302651	
93.12	-0.008817508	
93.124	-0.008592029	
93.128	-0.002917277	
93.132	0.013960746	
93.136	0.01362008	
93.14	-0.011373435	
93.144	-0.017189319	
93.148	0.007619052	
93.152	0.015787801	
93.156	-0.007183104	
93.16	-0.009212808	
93.164	0.0014461	
93.168	0.006352467	
93.172	0.001556632	
93.176	-0.003519962	
93.18	-0.001363754	
93.184	0.000752383	
93.188	-0.002862224	
93.192	0.010663102	
93.196	0.007030543	
93.2	-0.024715979	
93.204	-0.010524177	
93.208	0.028010006	
93.212	0.005274561	
93.216	-0.013018919	
93.22	0.001056883	
93.224	-0.007021324	
93.228	0.004964549	
93.232	0.01514253	
93.236	-0.009217609	
93.24	-0.012525506	
93.244	-0.00532624	
93.248	-0.001729519	
93.252	0.036730774	
93.256	0.028326471	
93.26	-0.046155272	
93.264	-0.082951716	
93.268	-0.008612151	
93.272	0.164932767	
93.276	0.091164598	
93.28	-0.21458845	
93.284	-0.042125257	
93.288	0.137373914	
93.292	-0.136428368	
93.296	-0.053776602	
93.3	0.228590471	
93.304	0.169330273	
93.308	-0.160974568	
93.312	-0.306979257	
93.316	0.01926303	
93.32	0.209927426	
93.324	0.12662981	
93.328	-0.043615031	
93.332	-0.180009934	
93.336	-0.015789693	
93.34	0.144676578	
93.344	0.021913487	
93.348	-0.093578153	
93.352	-0.0179597	
93.356	0.046818381	
93.36	-0.008453213	
93.364	-0.020548653	
93.368	0.028795783	
93.372	0.024091123	
93.376	-0.009430544	
93.38	-0.029048918	
93.384	-0.023675666	
93.388	0.011757774	
93.392	0.037185007	
93.396	0.015232171	
93.4	-0.020801157	
93.404	-0.0448483	
93.408	0.008502687	
93.412	0.029758124	
93.416	0.012201519	
93.42	0.002883155	
93.424	-0.022728402	
93.428	-0.014441712	
93.432	0.026655188	
93.436	-0.011945556	
93.44	-0.021311094	
93.444	0.034720617	
93.448	0.010540769	
93.452	-0.033266851	
93.456	-0.008511326	
93.46	0.026423997	
93.464	0.020176784	
93.468	-0.018564964	
93.472	-0.029973326	
93.476	-0.001428676	
93.48	0.030075381	
93.484	0.019720623	
93.488	-0.020673978	
93.492	-0.03377192	
93.496	0.017830346	
93.5	0.036240048	
93.504	-0.011495107	
93.508	-0.017855674	
93.512	-0.016673665	
93.516	-0.000696886	
93.52	0.038464248	
93.524	0.004601225	
93.528	-0.028693023	
93.532	-0.005114864	
93.536	0.0034641	
93.54	0.011188437	
93.544	0.018712059	
93.548	-0.01429772	
93.552	-0.040933805	
93.556	0.011565664	
93.56	0.055917552	
93.564	-0.006314045	
93.568	-0.05433033	
93.572	0.006023958	
93.576	0.035129343	
93.58	-0.011105432	
93.584	-0.022124725	
93.588	0.070494759	
93.592	-0.009605414	
93.596	-0.169509693	
93.6	0.036862559	
93.604	0.233639911	
93.608	-0.01472445	
93.612	-0.175772028	
93.616	-0.072801101	
93.62	0.045970849	
93.624	0.14799935	
93.628	0.033733219	
93.632	-0.147972446	
93.636	-0.021406583	
93.64	0.08994959	
93.644	-0.005168474	
93.648	-0.046815407	
93.652	0.015702593	
93.656	0.019802834	
93.66	-0.011578486	
93.664	0.000365586	
93.668	0.0045168	
93.672	-0.018252274	
93.676	0.003159804	
93.68	0.030882172	
93.684	-0.005202515	
93.688	-0.02756149	
93.692	-0.004183181	
93.696	0.015354974	
93.7	0.011425261	
93.704	-0.013473071	
93.708	-0.001524172	
93.712	0.014656839	
93.716	-0.007633133	
93.72	-0.011347201	
93.724	-5.31194E-06	
93.728	0.013027331	
93.732	0.012399166	
93.736	-0.022110039	
93.74	-0.014329517	
93.744	0.023599628	
93.748	0.011250107	
93.752	-0.017837347	
93.756	-0.003439203	
93.76	0.014067485	
93.764	-0.011970299	
93.768	-0.010513795	
93.772	0.020503346	
93.776	0.004943569	
93.78	-0.008376277	
93.784	-0.00724044	
93.788	0.000296206	
93.792	0.006135939	
93.796	-0.004561123	
93.8	0.000218288	
93.804	0.003164178	
93.808	0.00770925	
93.812	-0.001193267	
93.816	-0.018895964	
93.82	0.000139832	
93.824	0.021311844	
93.828	0.001101969	
93.832	-0.01692105	
93.836	-0.004245254	
93.84	0.017643091	
93.844	0.002913635	
93.848	-0.017078605	
93.852	-0.005932895	
93.856	0.012126389	
93.86	0.013523016	
93.864	-0.005314655	
93.868	-0.006822256	
93.872	-0.002758564	
93.876	-0.01347285	
93.88	0.002164551	
93.884	0.021536166	
93.888	0.01528371	
93.892	-0.010184887	
93.896	-0.025724535	
93.9	-0.01208405	
93.904	0.016954223	
93.908	0.026000234	
93.912	-0.00278757	
93.916	-0.028531605	
93.92	0.006066057	
93.924	0.015301156	
93.928	-0.004298824	
93.932	-0.008406255	
93.936	-0.010225697	
93.94	0.023344111	
93.944	0.013227856	
93.948	-0.038512176	
93.952	-0.010163624	
93.956	0.042663534	
93.96	0.013419728	
93.964	-0.037778655	
93.968	-0.017732809	
93.972	0.029053633	
93.976	0.01471879	
93.98	-0.021619702	
93.984	-0.008301767	
93.988	0.018388951	
93.992	0.005065497	
93.996	-0.019766214	
94	0.002345854	
94.004	0.00817219	
94.008	-0.002992318	
94.012	0.012496144	
94.016	-0.006897149	
94.02	-0.021668459	
94.024	-0.001220533	
94.028	0.038429837	
94.032	0.014498158	
94.036	-0.057407811	
94.04	-0.016747217	
94.044	0.048998757	
94.048	0.027511307	
94.052	-0.023888613	
94.056	-0.037865089	
94.06	-0.00412463	
94.064	0.028300002	
94.068	0.025234231	
94.072	-0.007494894	
94.076	-0.016955935	
94.08	-0.008841406	
94.084	-0.019518285	
94.088	0.022361859	
94.092	0.035581368	
94.096	-0.016086228	
94.1	-0.02574263	
94.104	-0.001382508	
94.108	0.013067434	
94.112	0.002374557	
94.116	0.001580007	
94.12	-0.001604324	
94.124	-0.001789377	
94.128	0.00786173	
94.132	-0.010712526	
94.136	-0.013170752	
94.14	0.004583547	
94.144	0.014533079	
94.148	0.028569979	
94.152	0.002750619	
94.156	-0.048434531	
94.16	-0.054410242	
94.164	-0.011319554	
94.168	0.109532805	
94.172	0.158223218	
94.176	-0.158655552	
94.18	-0.162889919	
94.184	0.14418532	
94.188	-0.084137938	
94.192	-0.054969308	
94.196	0.267644382	
94.2	0.083786398	
94.204	-0.234515594	
94.208	-0.213098996	
94.212	0.093574153	
94.216	0.314154902	
94.22	-0.011565768	
94.224	-0.27162576	
94.228	-0.048691987	
94.232	0.112520465	
94.236	0.152359879	
94.24	-0.021228624	
94.244	-0.178698642	
94.248	0.030080936	
94.252	0.137290362	
94.256	-0.061609006	
94.26	-0.102465302	
94.264	0.029854174	
94.268	0.096719399	
94.272	0.002423994	
94.276	-0.050593257	
94.28	-0.01438983	
94.284	0.006597566	
94.288	0.016556957	
94.292	-0.008819666	
94.296	-0.008327625	
94.3	0.006236964	
94.304	0.012353692	
94.308	0.023662991	
94.312	-0.052265067	
94.316	-0.009654194	
94.32	0.033070175	
94.324	0.018568613	
94.328	0.007463724	
94.332	-0.046673122	
94.336	-0.014752013	
94.34	0.027474955	
94.344	0.030382954	
94.348	-0.007600834	
94.352	-0.047680915	
94.356	0.034411742	
94.36	0.015294837	
94.364	-0.033386846	
94.368	-0.012996801	
94.372	0.036422217	
94.376	0.031031696	
94.38	-0.03903389	
94.384	-0.054492995	
94.388	0.038918069	
94.392	0.062021316	
94.396	-0.033037642	
94.4	-0.043033033	
94.404	0.016970835	
94.408	0.015530571	
94.412	-0.002290028	
94.416	-0.000840683	
94.42	0.008698954	
94.424	-0.011653427	
94.428	-0.016013775	
94.432	0.014203268	
94.436	0.014860222	
94.44	0.008848474	
94.444	-0.02938322	
94.448	-0.028053067	
94.452	0.041035383	
94.456	0.027492499	
94.46	-0.026993365	
94.464	-0.015547259	
94.468	-0.00604047	
94.472	0.015820523	
94.476	0.021906397	
94.48	-0.014270941	
94.484	-0.020204913	
94.488	-0.010246569	
94.492	0.020943578	
94.496	0.041869651	
94.5	-0.00615571	
94.504	-0.074867991	
94.508	-0.024804505	
94.512	0.113758215	
94.516	0.026570838	
94.52	-0.139314236	
94.524	0.034407087	
94.528	0.095529608	
94.532	-0.066118854	
94.536	-0.057776622	
94.54	0.06414318	
94.544	0.044610132	
94.548	-0.034688825	
94.552	-0.037832906	
94.556	-0.005572271	
94.56	0.019370283	
94.564	0.038940833	
94.568	-0.006107582	
94.572	-0.033844883	
94.576	-0.010696457	
94.58	0.01622826	
94.584	0.013487485	
94.588	-0.004249139	
94.592	0.003829569	
94.596	0.006233754	
94.6	-0.022972424	
94.604	-0.02777061	
94.608	0.034231941	
94.612	0.026033062	
94.616	-0.007035114	
94.62	0.000236291	
94.624	-0.033047986	
94.628	-0.021596043	
94.632	0.029080502	
94.636	0.035137699	
94.64	-0.000568064	
94.644	-0.022597674	
94.648	-0.021925031	
94.652	-0.006478977	
94.656	0.02691047	
94.66	0.022622254	
94.664	-0.019354575	
94.668	-0.01020839	
94.672	-0.003670386	
94.676	-0.000112252	
94.68	0.02651987	
94.684	-0.014861706	
94.688	-0.016569682	
94.692	0.012607675	
94.696	0.006414309	
94.7	0.00274446	
94.704	-0.009563925	
94.708	-0.007997704	
94.712	0.010452928	
94.716	0.003601372	
94.72	-0.00725441	
94.724	0.003952972	
94.728	0.011087046	
94.732	-0.016785874	
94.736	-0.013228794	
94.74	0.014785471	
94.744	0.017518563	
94.748	0.00209766	
94.752	-0.021869207	
94.756	-0.016633808	
94.76	0.014623207	
94.764	0.021602847	
94.768	0.006033795	
94.772	-0.021453467	
94.776	-0.024182133	
94.78	0.016478561	
94.784	0.01849708	
94.788	0.005914329	
94.792	-0.002745792	
94.796	-0.024071516	
94.8	-0.009928074	
94.804	0.015035462	
94.808	0.022682719	
94.812	-0.000621834	
94.816	-0.02388967	
94.82	-0.001520127	
94.824	0.010486766	
94.828	-0.002812951	
94.832	0.001454301	
94.836	0.007963805	
94.84	-0.000381224	
94.844	-0.014401581	
94.848	-0.005728833	
94.852	0.010756029	
94.856	0.009298771	
94.86	0.003246418	
94.864	-0.003631291	
94.868	-0.010529836	
94.872	-0.011665108	
94.876	0.002023796	
94.88	0.023232872	
94.884	0.014397735	
94.888	-0.022751021	
94.892	-0.022597927	
94.896	0.011814835	
94.9	0.019622552	
94.904	-0.002098675	
94.908	-0.003399342	
94.912	-0.003036192	
94.916	-0.016413781	
94.92	-0.002291997	
94.924	0.020939779	
94.928	0.023435649	
94.932	-0.011145087	
94.936	-0.042585447	
94.94	0.006865742	
94.944	0.03413145	
94.948	-0.0044431	
94.952	-0.016113967	
94.956	-0.00391929	
94.96	0.011164624	
94.964	0.011133973	
94.968	-0.00757868	
94.972	-0.010247888	
94.976	-0.004764312	
94.98	0.008368452	
94.984	0.005876819	
94.988	-0.000508002	
94.992	-0.002987935	
94.996	-0.009108771	
95	0.01203266	
95.004	0.005570839	
95.008	-0.006578294	
95.012	-0.003864566	
95.016	-0.016324293	
95.02	-0.000239218	
95.024	0.034948243	
95.028	0.032060115	
95.032	-0.041650957	
95.036	-0.064424138	
95.04	-0.026775614	
95.044	0.103309898	
95.048	0.148213025	
95.052	-0.159157532	
95.056	-0.129250707	
95.06	0.151070788	
95.064	-0.046794118	
95.068	-0.113006198	
95.072	0.129110776	
95.076	0.199061032	
95.08	-0.045535945	
95.084	-0.279383173	
95.088	-0.057558757	
95.092	0.135079632	
95.096	0.125285406	
95.1	0.057431787	
95.104	-0.137328237	
95.108	-0.102438222	
95.112	0.096387457	
95.116	0.078512118	
95.12	-0.04814747	
95.124	-0.048621414	
95.128	0.002083096	
95.132	0.004639798	
95.136	0.007207383	
95.14	0.038824507	
95.144	0.013380641	
95.148	-0.027894573	
95.152	-0.032486776	
95.156	-0.000541518	
95.16	0.016984906	
95.164	0.011898294	
95.168	0.002524475	
95.172	-0.004762311	
95.176	0.00338862	
95.18	-0.022117342	
95.184	-0.013214288	
95.188	0.04846634	
95.192	0.014689455	
95.196	-0.052013799	
95.2	-0.01029256	
95.204	0.034953154	
95.208	0.008581335	
95.212	-0.024944964	
95.216	-0.012742571	
95.22	0.028591759	
95.224	0.017071524	
95.228	-0.017921619	
95.232	-0.022591696	
95.236	-0.004777148	
95.24	0.013797489	
95.244	0.018755681	
95.248	0.02085458	
95.252	-0.040324006	
95.256	-0.038863398	
95.26	0.062695939	
95.264	0.03759005	
95.268	-0.072068626	
95.272	-0.046956006	
95.276	0.0641515	
95.28	0.063581596	
95.284	-0.039966476	
95.288	-0.06482269	
95.292	0.010608986	
95.296	0.05156577	
95.3	0.009026793	
95.304	-0.037749542	
95.308	-0.014586867	
95.312	0.035540536	
95.316	-0.009301204	
95.32	-0.021710162	
95.324	0.029647399	
95.328	0.015051574	
95.332	-0.029092218	
95.336	-0.027009946	
95.34	0.013726664	
95.344	0.035232744	
95.348	0.011003284	
95.352	-0.039901523	
95.356	-0.026800287	
95.36	0.045957621	
95.364	0.078443158	
95.368	-0.104666723	
95.372	-0.158070328	
95.376	0.165198173	
95.38	0.228074694	
95.384	-0.154466395	
95.388	-0.197009517	
95.392	0.031237611	
95.396	0.10439711	
95.4	0.070887799	
95.404	0.001267376	
95.408	-0.116312888	
95.412	-0.021811951	
95.416	0.097560363	
95.42	-0.00599793	
95.424	-0.047257912	
95.428	0.004440847	
95.432	0.018441626	
95.436	0.00220369	
95.44	-0.004208085	
95.444	0.001443639	
95.448	-0.006652737	
95.452	-0.006572076	
95.456	0.017444599	
95.46	0.01005443	
95.464	-0.020129575	
95.468	-0.011340831	
95.472	0.009318424	
95.476	0.001485879	
95.48	0.006572474	
95.484	0.01184291	
95.488	-0.009215612	
95.492	-0.014126192	
95.496	-0.00021703	
95.5	0.000517599	
95.504	0.007848363	
95.508	0.016357847	
95.512	-0.004045796	
95.516	-0.020042296	
95.52	-0.011886175	
95.524	0.021183871	
95.528	0.013772312	
95.532	-0.021783557	
95.536	-0.000698847	
95.54	0.023727758	
95.544	-0.008685193	
95.548	-0.028389041	
95.552	0.006646254	
95.556	0.024326047	
95.56	0.006089067	
95.564	-0.009789179	
95.568	-0.008935288	
95.572	-0.014059171	
95.576	-0.003546239	
95.58	0.02985109	
95.584	0.016427591	
95.588	-0.020187639	
95.592	-0.024649888	
95.596	0.003394	
95.6	0.025003685	
95.604	0.008003253	
95.608	-0.023503531	
95.612	-0.014601999	
95.616	0.021415007	
95.62	0.012537695	
95.624	-0.009006166	
95.628	-0.007294383	
95.632	-0.000354487	
95.636	-0.003237505	
95.64	-0.000539482	
95.644	0.014641962	
95.648	0.003465881	
95.652	-0.012270138	
95.656	-0.007941663	
95.66	0.000544637	
95.664	0.005903823	
95.668	0.01232146	
95.672	0.006883686	
95.676	-0.018613665	
95.68	-0.019496641	
95.684	0.007580441	
95.688	0.02640731	
95.692	0.008737956	
95.696	-0.018900916	
95.7	-0.020562943	
95.704	0.002189822	
95.708	0.026990225	
95.712	0.008680743	
95.716	-0.025998464	
95.72	-0.013730118	
95.724	0.022852476	
95.728	0.022297817	
95.732	-0.025529035	
95.736	-0.033198886	
95.74	0.027652998	
95.744	0.039787703	
95.748	-0.020858899	
95.752	-0.040421686	
95.756	0.011860204	
95.76	0.033380904	
95.764	-0.00599264	
95.768	-0.020428828	
95.772	-0.001671929	
95.776	0.013531951	
95.78	0.005347756	
95.784	-0.011633004	
95.788	-0.006187895	
95.792	0.005343954	
95.796	0.015611091	
95.8	0.001184207	
95.804	-0.02502095	
95.808	0.000186193	
95.812	0.016560051	
95.816	-0.004056208	
95.82	0.005402482	
95.824	-0.003814878	
95.828	-0.014315062	
95.832	0.008837678	
95.836	0.01204608	
95.84	0.002797031	
95.844	-0.011725505	
95.848	-0.014066225	
95.852	0.001569272	
95.856	0.018550533	
95.86	0.012144006	
95.864	-0.0193021	
95.868	-0.013768522	
95.872	0.011746866	
95.876	0.015910554	
95.88	-0.001740012	
95.884	-0.020605126	
95.888	-0.005416809	
95.892	0.015271088	
95.896	0.013393414	
95.9	-0.007446014	
95.904	-0.018198969	
95.908	0.002710937	
95.912	0.020051142	
95.916	0.001686108	
95.92	-0.017169309	
95.924	-0.009684113	
95.928	0.010861046	
95.932	0.012147443	
95.936	0.013652951	
95.94	0.002979182	
95.944	-0.065959662	
95.948	-0.083774287	
95.952	0.12841594	
95.956	0.238856356	
95.96	-0.214741073	
95.964	-0.178517247	
95.968	0.165546307	
95.972	-0.14767785	
95.976	0.018051061	
95.98	0.36640961	
95.984	-0.041066118	
95.988	-0.352611542	
95.992	-0.089160327	
95.996	0.252716113	
96	0.172413317	
96.004	-0.160291958	
96.008	-0.155349956	
96.012	0.028506148	
96.016	0.108616405	
96.02	0.098870202	
96.024	-0.060170676	
96.028	-0.115380997	
96.032	0.018079861	
96.036	0.056021176	
96.04	-0.003515197	
96.044	-0.002537119	
96.048	-0.011765422	
96.052	-0.026589967	
96.056	0.023151244	
96.06	0.038058685	
96.064	-0.000642819	
96.068	-0.014312612	
96.072	-0.038485892	
96.076	-0.014089403	
96.08	0.040896884	
96.084	0.009967373	
96.088	-0.014414858	
96.092	0.004721594	
96.096	0.004197257	
96.1	0.004516214	
96.104	-0.015480601	
96.108	-0.019738078	
96.112	0.014164464	
96.116	0.022857406	
96.12	0.001617479	
96.124	-0.020701081	
96.128	-0.009219145	
96.132	0.010607653	
96.136	0.01510104	
96.14	0.00392776	
96.144	-0.019072137	
96.148	-0.01393967	
96.152	0.002314715	
96.156	0.027974451	
96.16	0.011857925	
96.164	-0.029896179	
96.168	-0.011513243	
96.172	0.01400726	
96.176	0.006412469	
96.18	0.006216074	
96.184	0.00349541	
96.188	-0.0271509	
96.192	-0.010065151	
96.196	0.03021767	
96.2	0.014867337	
96.204	-0.015119356	
96.208	-0.01586021	
96.212	0.004989192	
96.216	-0.000630568	
96.22	-0.001444375	
96.224	0.027166615	
96.228	0.003249049	
96.232	-0.047547144	
96.236	-0.014563519	
96.24	0.046975757	
96.244	0.030389327	
96.248	-0.017666272	
96.252	-0.047471577	
96.256	-0.00892964	
96.26	0.047863222	
96.264	0.00996896	
96.268	-0.029190165	
96.272	0.013202386	
96.276	-0.013626678	
96.28	-0.024102979	
96.284	0.073692232	
96.288	0.019872224	
96.292	-0.145941525	
96.296	-0.042381178	
96.3	0.215419947	
96.304	0.102740831	
96.308	-0.250520322	
96.312	-0.088149666	
96.316	0.126844034	
96.32	0.064982095	
96.324	0.005821256	
96.328	-0.022955064	
96.332	-0.038605424	
96.336	-0.050366468	
96.34	0.038815202	
96.344	0.075441047	
96.348	-0.043066594	
96.352	-0.022480288	
96.356	0.019208	
96.36	-0.020785157	
96.364	-0.000270776	
96.368	0.018794805	
96.372	-0.007358512	
96.376	0.016734108	
96.38	0.0098422	
96.384	-0.038005632	
96.388	-0.017524563	
96.392	0.039709547	
96.396	0.015100748	
96.4	-0.028282868	
96.404	-0.017379125	
96.408	0.01607703	
96.412	0.038063628	
96.416	-0.012174578	
96.42	-0.036087429	
96.424	-0.019114362	
96.428	0.028474808	
96.432	0.026758006	
96.436	0.004417197	
96.44	-0.011588505	
96.444	-0.031080203	
96.448	7.16808E-05	
96.452	0.011693607	
96.456	0.011916755	
96.46	0.002296202	
96.464	-0.001151292	
96.468	0.005549693	
96.472	-0.01734985	
96.476	-0.006625528	
96.48	-0.001925752	
96.484	0.025976059	
96.488	0.010182795	
96.492	-0.044178383	
96.496	0.018491228	
96.5	0.029011101	
96.504	-0.039431814	
96.508	-0.014902445	
96.512	0.042412802	
96.516	0.02675291	
96.52	-0.041609975	
96.524	-0.035784914	
96.528	0.024817446	
96.532	0.025749948	
96.536	0.005015558	
96.54	-0.010995491	
96.544	-0.02352214	
96.548	0.004830526	
96.552	0.01625377	
96.556	0.012629452	
96.56	-0.019194088	
96.564	-0.018567796	
96.568	0.020945424	
96.572	0.011931615	
96.576	-0.011330163	
96.58	-0.009115183	
96.584	0.001945038	
96.588	0.022059139	
96.592	-0.012150281	
96.596	-0.015131418	
96.6	0.004719117	
96.604	-0.005468986	
96.608	0.020861551	
96.612	0.015598391	
96.616	-0.022221974	
96.62	-0.018781547	
96.624	-0.005519155	
96.628	0.023125626	
96.632	0.018275991	
96.636	-0.004683978	
96.64	-0.014322634	
96.644	-0.027151558	
96.648	0.007560114	
96.652	0.048182079	
96.656	-0.005432919	
96.66	-0.036160234	
96.664	-0.011534728	
96.668	0.011698861	
96.672	0.031486411	
96.676	-0.001873523	
96.68	-0.02562142	
96.684	0.005065576	
96.688	0.007211598	
96.692	-0.010700355	
96.696	-0.002118257	
96.7	0.013017519	
96.704	0.003727796	
96.708	-0.008559014	
96.712	-0.000325118	
96.716	0.00566678	
96.72	-0.010342628	
96.724	-0.013096441	
96.728	0.026502426	
96.732	0.023943556	
96.736	-0.030314147	
96.74	-0.028471299	
96.744	0.011455708	
96.748	0.025869153	
96.752	-0.002337522	
96.756	-0.008659153	
96.76	0.009368217	
96.764	-0.000425853	
96.768	-0.012305169	
96.772	-0.015481715	
96.776	0.012726617	
96.78	0.024314059	
96.784	-0.012436778	
96.788	-0.018523652	
96.792	0.015357973	
96.796	0.016283382	
96.8	-0.026585857	
96.804	-0.007374726	
96.808	0.032398052	
96.812	-0.017109396	
96.816	-0.021908972	
96.82	0.035704916	
96.824	0.025651473	
96.828	-0.041470215	
96.832	-0.07051909	
96.836	0.003858073	
96.84	0.163802959	
96.844	0.060591036	
96.848	-0.224864895	
96.852	-0.012110145	
96.856	0.087264236	
96.86	-0.10262927	
96.864	0.083044883	
96.868	0.121425837	
96.872	-0.029308937	
96.876	0.023765904	
96.88	-0.169221175	
96.884	-0.139126855	
96.888	0.176556707	
96.892	0.100383543	
96.896	0.049559873	
96.9	-0.095720488	
96.904	-0.144391837	
96.908	0.113696397	
96.912	0.099988807	
96.916	-0.076401138	
96.92	-0.074476104	
96.924	0.007714084	
96.928	0.045691977	
96.932	0.026355006	
96.936	0.012031094	
96.94	-0.018862407	
96.944	-0.026705266	
96.948	0.003167343	
96.952	0.001741028	
96.956	-0.005449539	
96.96	0.003837485	
96.964	0.020060112	
96.968	0.015935208	
96.972	-0.030624558	
96.976	-0.037035982	
96.98	0.031116192	
96.984	0.044613575	
96.988	-0.020988786	
96.992	-0.034699213	
96.996	0.008254721	
97	0.014817975	
97.004	0.005429591	
97.008	-0.008607116	
97.012	-0.01708672	
97.016	0.015340951	
97.02	0.023152213	
97.024	-0.02117333	
97.028	-0.017181958	
97.032	0.015614715	
97.036	0.017754358	
97.04	-0.015989567	
97.044	-0.026084841	
97.048	0.025536044	
97.052	0.019301679	
97.056	-0.013184702	
97.06	-0.010658977	
97.064	-0.009161127	
97.068	0.007031376	
97.072	0.019491167	
97.076	-0.004809064	
97.08	-0.016119635	
97.084	0.005829337	
97.088	0.003292848	
97.092	-0.011559156	
97.096	0.012963817	
97.1	0.015186638	
97.104	-0.018985891	
97.108	-0.013612885	
97.112	0.009736383	
97.116	0.012357778	
97.12	-0.002813031	
97.124	-0.009054494	
97.128	0.005972671	
97.132	0.004593866	
97.136	-0.005197677	
97.14	-0.011521646	
97.144	0.001234687	
97.148	0.01496902	
97.152	-0.004507127	
97.156	0.003769681	
97.16	0.042530007	
97.164	-0.031741901	
97.168	-0.140688153	
97.172	0.043772325	
97.176	0.254204027	
97.18	-0.057434692	
97.184	-0.211455178	
97.188	-0.013252074	
97.192	0.081421326	
97.196	0.119591867	
97.2	-0.018926579	
97.204	-0.15766467	
97.208	0.033071358	
97.212	0.122873368	
97.216	-0.022669979	
97.22	-0.081500218	
97.224	-0.033996365	
97.228	0.054081781	
97.232	0.07203627	
97.236	-0.013338909	
97.24	-0.07143934	
97.244	-0.033744494	
97.248	0.056543014	
97.252	0.048252411	
97.256	-0.023657608	
97.26	-0.03372929	
97.264	-0.012822347	
97.268	0.017050036	
97.272	0.010802485	
97.276	0.002072996	
97.28	0.009026866	
97.284	-0.009228709	
97.288	-0.006748065	
97.292	-0.008079565	
97.296	-0.00662962	
97.3	0.021454715	
97.304	0.010821633	
97.308	-0.009551787	
97.312	-0.015662575	
97.316	0.00161973	
97.32	0.019763886	
97.324	-0.010869221	
97.328	-0.018810157	
97.332	0.015257327	
97.336	0.021088591	
97.34	-0.007331322	
97.344	-0.022233391	
97.348	-0.001555036	
97.352	0.009940054	
97.356	0.006208716	
97.36	0.009647524	
97.364	-0.006589315	
97.368	-0.018283519	
97.372	-0.001790974	
97.376	0.01730265	
97.38	0.005729277	
97.384	-0.010707811	
97.388	8.05484E-05	
97.392	0.004709932	
97.396	-0.001336748	
97.4	-0.006861327	
97.404	-0.005033097	
97.408	0.008699004	
97.412	0.007418831	
97.416	0.004694266	
97.42	-0.007455464	
97.424	-0.016717495	
97.428	5.79423E-05	
97.432	0.015932078	
97.436	0.011892408	
97.44	-0.011652531	
97.444	-0.010858134	
97.448	0.008892531	
97.452	-0.003282339	
97.456	-0.006667258	
97.46	0.008367389	
97.464	0.014773513	
97.468	-0.003559924	
97.472	-0.026526791	
97.476	-0.000812272	
97.48	0.024020794	
97.484	0.003158506	
97.488	-0.008863938	
97.492	-0.003821957	
97.496	-0.0012176	
97.5	-0.003147747	
97.504	0.007487035	
97.508	0.010307	
97.512	-0.014663052	
97.516	-0.00800171	
97.52	0.01615819	
97.524	-0.002791872	
97.528	-0.005497238	
97.532	0.006002777	
97.536	-0.000462911	
97.54	-0.001393124	
97.544	-0.00210591	
97.548	-0.000792693	
97.552	0.000589403	
97.556	-0.003500159	
97.56	0.003264235	
97.564	0.009990545	
97.568	0.001057134	
97.572	-0.011012046	
97.576	-0.013020484	
97.58	0.009484519	
97.584	0.020288595	
97.588	-0.007220157	
97.592	-0.018030542	
97.596	-0.002071445	
