67.596	-0.010753195
67.6	-0.023552817
67.604	0.008668944
67.608	0.02459475
67.612	-0.005940499
67.616	-0.019342722
67.62	-0.000990674
67.624	0.013680607
67.628	0.000605972
67.632	-0.011742718
67.636	0.007908333
67.64	0.006562896
67.644	-0.002980364
67.648	-0.005256985
67.652	-0.007581673
67.656	0.007316281
67.66	0.005757098
67.664	-0.007823794
67.668	0.000922487
67.672	0.012164368
67.676	0.004410307
67.68	-0.022194316
67.684	-0.020148949
67.688	0.024492199
67.692	0.032920807
67.696	-0.015158947
67.7	-0.034188574
67.704	0.009118381
67.708	0.026667027
67.712	-0.015528306
67.716	-0.016323186
67.72	0.021269894
67.724	0.007921026
67.728	-0.009922178
67.732	-0.008880877
67.736	-0.004351287
67.74	0.004463543
67.744	0.023218488
67.748	-0.005483347
67.752	-0.032636645
67.756	0.009299796
67.76	0.021496252
67.764	0.004369659
67.768	-0.007736147
67.772	-0.024989328
67.776	0.003385586
67.78	0.026237627
67.784	0.003900882
67.788	-0.015314572
67.792	-0.01775849
67.796	0.011253153
67.8	0.029924237
67.804	-0.015501309
67.808	-0.030890449
67.812	0.014443002
67.816	0.032963933
67.82	-0.023480253
67.824	-0.020159038
67.828	0.018376345
67.832	0.012447515
67.836	-0.002197351
67.84	-0.014255324
67.844	-0.016409242
67.848	0.016064139
67.852	0.042196818
67.856	-0.003212881
67.86	-0.052018908
67.864	-0.054380668
67.868	-0.003769057
67.872	0.126475632
67.876	0.141669784
67.88	-0.186919803
67.884	-0.153404685
67.888	0.172881362
67.892	-0.071803679
67.896	-0.082903843
67.9	0.260842459
67.904	0.06440463
67.908	-0.251627492
67.912	-0.107623181
67.916	0.210483171
67.92	0.042805704
67.924	-0.155824635
67.928	-0.000243317
67.932	0.061010928
67.936	0.106201602
67.94	-0.037515533
67.944	-0.17245326
67.948	0.067944189
67.952	0.145968184
67.956	-0.067973569
67.96	-0.112368467
67.964	0.025447759
67.968	0.049323283
67.972	0.025186752
67.976	0.03383699
67.98	-0.030562501
67.984	-0.062653937
67.988	-0.006922393
67.992	0.037914039
67.996	0.030940412
68	-0.013547543
68.004	-0.021473362
68.008	0.004088731
68.012	0.001689872
68.016	0.002378711
68.02	0.00969185
68.024	-0.001037714
68.028	-0.012315407
68.032	-0.004685033
68.036	0.008231197
68.04	0.000110981
68.044	-0.004682332
68.048	0.012972142
68.052	0.007774169
68.056	-0.018814519
68.06	-0.008888776
68.064	0.01365855
68.068	0.000690577
68.072	-0.009978376
68.076	0.006729134
68.08	0.016777646
68.084	-0.011429385
68.088	-0.017340581
68.092	0.008212947
68.096	0.01671397
68.1	-0.000791454
68.104	-0.026982191
68.108	-0.008195706
68.112	0.038004631
68.116	0.017849607
68.12	-0.028716895
68.124	-0.026782451
68.128	0.008832509
68.132	0.025005518
68.136	0.002301864
68.14	-0.019106829
68.144	0.006156737
68.148	0.014480864
68.152	-0.022082613
68.156	-0.003469521
68.16	0.021590958
68.164	-0.010541363
68.168	-0.009869997
68.172	0.021232371
68.176	0.011279271
68.18	-0.031479288
68.184	-0.026523069
68.188	0.023095711
68.192	0.043868469
68.196	0.047375413
68.2	-0.089544958
68.204	-0.139060104
68.208	0.132128035
68.212	0.188698368
68.216	-0.154202709
68.22	-0.094487569
68.224	0.072339097
68.228	-0.016849579
68.232	0.015833627
68.236	0.038153178
68.24	-0.017486946
68.244	-0.001800146
68.248	-0.005406262
68.252	-0.025797131
68.256	-0.014928117
68.26	0.019757625
68.264	0.046637549
68.268	0.001825061
68.272	-0.036005647
68.276	-0.017038013
68.28	0.002201868
68.284	0.012683934
68.288	0.00899267
68.292	0.010293515
68.296	6.67543E-05
68.3	-0.027680425
68.304	-0.012491009
68.308	0.031159152
68.312	0.024826879
68.316	-0.031448308
68.32	-0.038318548
68.324	0.026102113
68.328	0.050941328
68.332	-0.007870736
68.336	-0.049830886
68.34	-0.018259359
68.344	0.034752047
68.348	0.030547666
68.352	-0.020423411
68.356	-0.016908682
68.36	0.009690411
68.364	-0.001812298
68.368	0.002838713
68.372	0.003678261
68.376	-0.015004505
68.38	0.004618886
68.384	0.019934042
68.388	-0.00371133
68.392	-0.021907276
68.396	-0.008854104
68.4	0.026691627
68.404	0.026183292
68.408	-0.028279564
68.412	-0.046394541
68.416	0.019731305
68.42	0.064151383
68.424	-0.013040063
68.428	-0.051253953
68.432	-0.003694577
68.436	0.032027113
68.44	0.006544368
68.444	-0.014676416
68.448	0.010222487
68.452	-0.00635407
68.456	-0.014577469
68.46	0.010357182
68.464	0.002909269
68.468	-0.001725723
68.472	0.00960577
68.476	0.008004889
68.48	-0.015527465
68.484	-0.024278833
68.488	0.005036458
68.492	0.029723618
68.496	0.018232293
68.5	-0.021324174
68.504	-0.031923397
68.508	0.003793191
68.512	0.025733224
68.516	0.016977697
68.52	-0.01318311
68.524	-0.022798147
68.528	0.000184085
68.532	0.011880553
68.536	0.011399735
68.54	-0.004250471
68.544	-0.016945053
68.548	0.010322275
68.552	0.018218945
68.556	-0.009821988
68.56	-0.030589542
68.564	-0.005132303
68.568	0.046848866
68.572	0.020790996
68.576	-0.044042024
68.58	-0.030274357
68.584	0.027095402
68.588	0.030822196
68.592	-0.013506978
68.596	-0.018960681
68.6	0.006164236
68.604	0.0019508
68.608	-0.006004238
68.612	0.008069183
68.616	0.010346171
68.62	-0.010070381
68.624	-0.002310866
68.628	0.003151862
68.632	-0.014098708
68.636	0.008472508
68.64	0.012965057
68.644	-0.005269272
68.648	-0.006827147
68.652	0.000738458
68.656	0.009898984
68.66	-0.010102953
68.664	-0.016186118
68.668	0.022954646
68.672	0.019271262
68.676	-0.023458746
68.68	-0.027746313
68.684	0.020644736
68.688	0.035304922
68.692	-0.019921248
68.696	-0.024621704
68.7	0.004609381
68.704	0.008849384
68.708	0.012724835
68.712	0.003100788
68.716	-0.009329916
68.72	-0.015558841
68.724	-0.011471202
68.728	0.020655007
68.732	0.036295239
68.736	-0.017802813
68.74	-0.046119269
68.744	0.007907289
68.748	0.03817791
68.752	0.004167883
68.756	-0.019147692
68.76	-0.016181837
68.764	0.002650069
68.768	0.023186041
68.772	0.005186216
68.776	-0.023788301
68.78	-0.008286786
68.784	0.020572951
68.788	0.005291231
68.792	-0.006427018
68.796	0.001408783
68.8	-0.00947226
68.804	-0.007666603
68.808	0.006828185
68.812	0.007642706
68.816	0.015909908
68.82	0.00199077
68.824	-0.038000032
68.828	-0.024961136
68.832	0.035242423
68.836	0.068239398
68.84	-0.000125579
68.844	-0.089080649
68.848	-0.070960822
68.852	0.004423248
68.856	0.157134536
68.86	0.15318643
68.864	-0.196935278
68.868	-0.154679886
68.872	0.117146425
68.876	-0.06613424
68.88	0.002566986
68.884	0.240886513
68.888	0.005575622
68.892	-0.216885676
68.896	-0.056283462
68.9	0.111887391
68.904	0.00015226
68.908	-0.028895163
68.912	0.040712177
68.916	-0.007307665
68.92	0.023219231
68.924	0.005849065
68.928	-0.081179664
68.932	0.005459726
68.936	0.083620069
68.94	-0.009782243
68.944	-0.0644596
68.948	-0.007688422
68.952	0.027675127
68.956	0.032686288
68.96	0.008732628
68.964	-0.023879414
68.968	-0.011478469
68.972	-0.007820284
68.976	-0.010936458
68.98	0.02003589
68.984	0.028765587
68.988	-0.015639846
68.992	-0.029038763
68.996	0.011450368
69	0.020680914
69.004	-0.008047148
69.008	-0.010420722
69.012	0.000217787
69.016	0.011371103
69.02	0.000974151
69.024	-0.019324438
69.028	-0.003112681
69.032	0.027992978
69.036	0.013655203
69.04	-0.036960852
69.044	-0.019363762
69.048	0.033947092
69.052	0.020378415
69.056	-0.014073711
69.06	-0.022299921
69.064	-0.010517539
69.068	0.023083762
69.072	0.019872162
69.076	-0.018949587
69.08	-0.016686367
69.084	0.017142584
69.088	0.01423488
69.092	-0.015443742
69.096	-0.014281927
69.1	0.002048839
69.104	0.015720941
69.108	0.011467809
69.112	-0.010593752
69.116	-0.013124365
69.12	-0.004349628
69.124	0.012573483
69.128	0.010665447
69.132	-0.006081523
69.136	-0.006170805
69.14	-0.01051226
69.144	0.007737083
69.148	0.022962155
69.152	-0.01257312
69.156	-0.022343226
69.16	0.001091424
69.164	0.018817856
69.168	0.018537671
69.172	-0.017821184
69.176	-0.035542095
69.18	0.060594326
69.184	0.023777062
69.188	-0.147529837
69.192	-0.027389959
69.196	0.269011168
69.2	0.029874303
69.204	-0.297808388
69.208	-0.040239632
69.212	0.195757998
69.216	0.062279326
69.22	-0.092618469
69.224	-0.045235007
69.228	0.046198069
69.232	0.014340313
69.236	-0.018962352
69.24	-0.016720618
69.244	-0.007967978
69.248	0.018830738
69.252	0.026265352
69.256	0.002198762
69.26	-0.022524211
69.264	-0.015163059
69.268	0.003400724
69.272	7.4285E-05
69.276	0.016571589
69.28	0.015501525
69.284	-0.021006541
69.288	-0.019257496
69.292	0.011790064
69.296	0.016046686
69.3	0.001559684
69.304	-0.005678335
69.308	-0.005110297
69.312	-0.015824902
69.316	-0.00029549
69.32	0.030806808
69.324	0.005654571
69.328	-0.025419808
69.332	-0.006134976
69.336	0.009418521
69.34	0.002293656
69.344	0.005274697
69.348	0.001641331
69.352	-0.012489947
69.356	-0.004378262
69.36	0.007698253
69.364	0.015004246
69.368	-0.002097826
69.372	-0.031191538
69.376	0.003525893
69.38	0.035616569
69.384	0.003492766
69.388	-0.020157552
69.392	-0.026048798
69.396	-0.004319507
69.4	0.030838199
69.404	0.037907024
69.408	-0.015967861
69.412	-0.061942362
69.416	0.004087345
69.42	0.057552331
69.424	0.008115342
69.428	-0.03688156
69.432	-0.030191945
69.436	0.014979978
69.44	0.033940064
69.444	0.020169755
69.448	-0.013549364
69.452	-0.037706464
69.456	-0.021797572
69.46	0.022196817
69.464	0.04388823
69.468	0.005005205
69.472	-0.043784425
69.476	-0.024000452
69.48	0.042846305
69.484	0.029000952
69.488	-0.040671732
69.492	-0.026224053
69.496	0.012907164
69.5	0.033436864
69.504	0.01668835
69.508	-0.020922481
69.512	-0.038070229
69.516	-0.004868235
69.52	0.037263847
69.524	0.01616933
69.528	-0.014880886
69.532	-0.010792637
69.536	-0.001985725
69.54	0.001252742
69.544	0.005718265
69.548	-0.001966613
69.552	-0.004607945
69.556	0.009378588
69.56	0.002152295
69.564	-0.007609029
69.568	-0.003931519
69.572	-0.006974893
69.576	0.015512265
69.58	0.019508966
69.584	-0.016639574
69.588	-0.030402597
69.592	0.006157217
69.596	0.030607997
69.6	0.000693032
69.604	-0.011320438
69.608	0.001500601
69.612	-0.013891717
69.616	-0.006850651
69.62	0.023730551
69.624	0.0182807
69.628	-0.020459372
69.632	-0.032403117
69.636	0.008319743
69.64	0.034784054
69.644	0.013935133
69.648	-0.021470687
69.652	-0.026885798
69.656	0.002056954
69.66	0.014626413
69.664	0.007493525
69.668	0.002426654
69.672	0.002801271
69.676	-0.004651879
69.68	-0.016094038
69.684	-0.008906731
69.688	0.021704506
69.692	0.024974464
69.696	-0.022487442
69.7	-0.0252199
69.704	0.008494848
69.708	0.011059222
69.712	0.00950873
69.716	0.012066767
69.72	-0.014989116
69.724	-0.022248432
69.728	0.005769411
69.732	0.00658156
69.736	0.005513236
69.74	0.016874829
69.744	-0.009654066
69.748	-0.029825107
69.752	0.00955556
69.756	0.032365452
69.76	-0.004907304
69.764	-0.028058431
69.768	-0.006659664
69.772	0.014307844
69.776	0.01984833
69.78	-0.003356737
69.784	-0.017766889
69.788	0.003725858
69.792	0.0092526
69.796	-0.009542386
69.8	-0.012944112
69.804	0.014690886
69.808	0.013237092
69.812	-0.019520042
69.816	-0.005801068
69.82	0.035921503
69.824	0.027999926
69.828	-0.05135688
69.832	-0.087150895
69.836	-0.009824604
69.84	0.146460362
69.844	0.140578615
69.848	-0.174140978
69.852	-0.136432359
69.856	0.123907602
69.86	-0.0646743
69.864	-0.037453857
69.868	0.219613717
69.872	0.039782533
69.876	-0.201380135
69.88	-0.093160844
69.884	0.154585868
69.888	0.049227337
69.892	-0.105148422
69.896	-0.013727776
69.9	0.02349137
69.904	0.087477884
69.908	0.020678738
69.912	-0.130341222
69.916	-0.02436594
69.92	0.10526581
69.924	0.015638128
69.928	-0.068156744
69.932	-0.017401234
69.936	0.026638575
69.94	0.021665209
69.944	0.008407062
69.948	-0.002986872
69.952	-0.011458549
69.956	-0.019214634
69.96	-0.010378517
69.964	0.021089069
69.968	0.018620584
69.972	-0.001980062
69.976	-0.012217957
69.98	-0.015517173
69.984	0.003670902
69.988	0.015468584
69.992	0.005792032
69.996	-0.002596784
70	-0.009321546
70.004	-0.005250589
70.008	-0.002677982
70.012	0.007028622
70.016	0.014791128
70.02	-0.007806699
70.024	-0.020102411
70.028	0.006014167
70.032	0.032371696
70.036	-0.012898813
70.04	-0.028152981
70.044	0.020187706
70.048	0.009146532
70.052	-0.028362385
70.056	-0.004167837
70.06	0.031791367
70.064	0.016176887
70.068	-0.010988743
70.072	-0.031286067
70.076	-0.012460619
70.08	0.032643952
70.084	0.01344743
70.088	-0.021649441
70.092	-0.007625276
70.096	0.013075456
70.1	0.0097247
70.104	-0.008520276
70.108	-0.010597906
70.112	-0.00266428
70.116	0.008660986
70.12	0.012263035
70.124	0.002529252
70.128	-0.010778486
70.132	-0.024510804
70.136	0.004515052
70.14	0.030062598
70.144	0.003215066
70.148	-0.00827787
70.152	-0.010228385
70.156	-0.031129693
70.16	0.018889114
70.164	0.128192011
70.168	-0.085628813
70.172	-0.227864003
70.176	0.106970093
70.18	0.326250172
70.184	-0.086659795
70.188	-0.274725987
70.192	-0.026521209
70.196	0.16553582
70.2	0.085066387
70.204	-0.095032854
70.208	-0.018393197
70.212	0.061087904
70.216	-0.039172213
70.22	-0.047863425
70.224	-0.004361013
70.228	0.051738382
70.232	0.060875597
70.236	-0.038432213
70.24	-0.064205495
70.244	0.008842473
70.248	0.043993525
70.252	0.01151836
70.256	-0.038226414
70.26	-0.017544363
70.264	0.039355129
70.268	0.019015522
70.272	-0.028113954
70.276	-0.026013283
70.28	0.013751439
70.284	0.034924778
70.288	-0.006557945
70.292	-0.031101777
70.296	-0.007935073
70.3	0.017999912
70.304	0.020924735
70.308	0.005724469
70.312	-0.020297563
70.316	-0.028008637
70.32	0.005218989
70.324	0.033203613
70.328	0.0181881
70.332	-0.026955463
70.336	-0.036931819
70.34	0.015014059
70.344	0.042560651
70.348	0.004201716
70.352	-0.029524025
70.356	-0.023154891
70.36	0.00114043
70.364	0.024856416
70.368	0.023429628
70.372	-0.009979068
70.376	-0.027388412
70.38	-0.002352898
70.384	0.024416407
70.388	-0.008428721
70.392	-0.023687218
70.396	0.025269425
70.4	0.022143858
70.404	-0.016119637
70.408	-0.026150061
70.412	-0.00469339
70.416	0.028820487
70.42	0.011080124
70.424	-0.023731556
70.428	-0.003628548
70.432	0.013528136
70.436	0.005428674
70.44	-0.0105145
70.444	-0.009621642
70.448	0.001933239
70.452	0.009476894
70.456	0.016055609
70.46	-0.010022131
70.464	-0.024879417
70.468	0.003633665
70.472	0.021941496
70.476	0.008014221
70.48	-0.008482935
70.484	-0.015202922
70.488	-0.006925437
70.492	0.005694095
70.496	0.011238783
70.5	0.012198533
70.504	0.006900984
70.508	-0.022444303
70.512	-0.031105986
70.516	0.016857717
70.52	0.030343041
70.524	0.007076908
70.528	-0.016204715
70.532	-0.019030471
70.536	0.005496481
70.54	0.005933763
70.544	0.000101785
70.548	0.005311908
70.552	0.003039018
70.556	-0.004449141
70.56	-0.002382612
70.564	-0.00345853
70.568	-0.006426088
70.572	0.004546531
70.576	0.022407738
70.58	-0.005478705
70.584	-0.029215868
70.588	0.008319286
70.592	0.018017777
70.596	-0.002000635
70.6	-0.007228002
70.604	0.000493554
70.608	-0.004470733
70.612	-0.001033244
70.616	0.011545776
70.62	-0.004657517
70.624	-0.002225554
70.628	0.005944564
70.632	-0.008682707
70.636	-0.002558555
70.64	0.007321837
70.644	0.009583654
70.648	-0.004125057
70.652	-0.024140017
70.656	0.00028158
70.66	0.033248897
70.664	0.015015057
70.668	-0.040809647
70.672	-0.02500678
70.676	0.039161575
70.68	0.020706891
70.684	-0.028584846
70.688	-0.005676891
70.692	0.016362789
70.696	-0.00886125
70.7	-0.011666689
70.704	0.02190884
70.708	0.004605399
70.712	-0.025811539
70.716	0.001847111
70.72	0.022851252
70.724	0.004205822
70.728	-0.02556449
70.732	-0.007559819
70.736	0.02872923
70.74	-0.007303985
70.744	-0.018101422
70.748	0.013222513
70.752	0.015414883
70.756	-0.011129706
70.76	-0.013563625
70.764	0.00520794
70.768	0.005346353
70.772	0.001356157
70.776	3.00273E-05
70.78	-0.005227184
70.784	0.001105021
70.788	0.015185409
70.792	-0.012085088
70.796	-0.028935356
70.8	0.00852765
70.804	0.057152381
70.808	0.022052749
70.812	-0.069236541
70.816	-0.081102667
70.82	-0.007859334
70.824	0.159902526
70.828	0.148485627
70.832	-0.211954695
70.836	-0.145808847
70.84	0.136918313
70.844	-0.04281432
70.848	-0.004334747
70.852	0.194013669
70.856	-0.005627075
70.86	-0.210434529
70.864	-0.019027506
70.868	0.155084761
70.872	-0.032950855
70.876	-0.08073301
70.88	0.006740923
70.884	0.064291111
70.888	0.09920102
70.892	-0.07637566
70.896	-0.144600588
70.9	0.06403935
70.904	0.128595682
70.908	-0.046980894
70.912	-0.100327621
70.916	0.026833281
70.92	0.042868931
70.924	0.016129234
70.928	0.007666844
70.932	-0.024382391
70.936	-0.016196237
70.94	-0.015288511
70.944	0.010119722
70.948	0.035199535
70.952	-0.003738827
70.956	-0.028304291
70.96	-0.003521189
70.964	0.025065194
70.968	0.008167043
70.972	-0.02439061
70.976	-0.003610385
70.98	0.005653346
70.984	0.012481414
70.988	0.004488144
70.992	-0.027804754
70.996	0.006891545
71	0.027678436
71.004	-0.01715133
71.008	-0.018172028
71.012	0.014635122
71.016	0.013586986
71.02	-0.012340923
71.024	0.001154497
71.028	0.002839342
71.032	-0.020729096
71.036	0.011509643
71.04	0.021788778
71.044	-0.005643317
71.048	-0.012297088
71.052	-0.018158988
71.056	0.011723437
71.06	0.025856945
71.064	-0.00967404
71.068	-0.010840203
71.072	0.003983052
71.076	-0.009021428
71.08	-0.005826794
71.084	0.013724086
71.088	0.01498725
71.092	-0.005698031
71.096	-0.014812011
71.1	0.002708492
71.104	0.004065691
71.108	-0.008837602
71.112	0.001013233
71.116	0.008997432
71.12	0.003401292
71.124	0.007422906
71.128	-0.01161978
71.132	-0.025639732
71.136	0.001628165
71.14	0.042580125
71.144	0.060146539
71.148	-0.08770129
71.152	-0.141290198
71.156	0.121068749
71.16	0.18718868
71.164	-0.107417492
71.168	-0.109021479
71.172	-0.005873194
71.176	0.010651677
71.18	0.083723375
71.184	0.029170985
71.188	-0.036918555
71.192	-0.037716247
71.196	-0.019823717
71.2	0.016328052
71.204	0.022356025
71.208	0.006980591
71.212	-0.002387236
71.216	-0.011395117
71.22	-0.00388514
71.224	0.009519263
71.228	0.000192824
71.232	-0.006036483
71.236	-0.008429292
71.24	-0.003881185
71.244	0.027965318
71.248	0.011594874
71.252	-0.031699232
71.256	-0.012905431
71.26	0.010241258
71.264	0.014701918
71.268	0.003429812
71.272	-0.00044263
71.276	-0.003395447
71.28	-0.019764464
71.284	0.001342029
71.288	0.015513705
71.292	0.00378491
71.296	0.006978761
71.3	-0.009311215
71.304	-0.014358567
71.308	0.003596503
71.312	0.001905123
71.316	0.004067847
71.32	0.008813374
71.324	-0.004504493
71.328	0.006301436
71.332	0.014752897
71.336	-0.047924912
71.34	-0.028033776
71.344	0.046012152
71.348	0.046056602
71.352	-0.003337596
71.356	-0.033418513
71.36	-0.02502181
71.364	-0.013211364
71.368	0.013990389
71.372	0.047350956
71.376	0.01278406
71.38	-0.042296102
71.384	-0.034110614
71.388	0.019959671
71.392	0.04339716
71.396	-0.000128854
71.4	-0.039001145
71.404	-0.009427491
71.408	0.016967527
71.412	0.01158806
71.416	0.007985319
71.42	-0.010440714
71.424	-0.019365272
71.428	0.009671166
71.432	0.021523492
71.436	-0.010542746
71.44	-0.025722087
71.444	0.012145252
71.448	0.027936767
71.452	-0.005657597
71.456	-0.022776232
71.46	-0.016757826
71.464	0.016261484
71.468	0.037515209
71.472	-0.001142611
71.476	-0.03987748
71.48	-0.020140955
71.484	0.022240435
71.488	0.02217844
71.492	0.0075377
71.496	-0.005424792
71.5	-0.015464677
71.504	-0.013412873
71.508	-0.005608096
71.512	0.015085027
71.516	0.028257087
71.52	-0.001629154
71.524	-0.028890448
71.528	-0.014756735
71.532	0.018673728
71.536	0.026688282
71.54	-0.020614229
71.544	-0.022304133
71.548	0.017904874
71.552	0.018706359
71.556	-0.003745335
71.56	-0.026786948
71.564	-0.005292169
71.568	0.022462921
71.572	0.009620156
71.576	-0.004072525
71.58	-0.005189433
71.584	-0.011196882
71.588	-0.005852478
71.592	0.015721403
71.596	0.006555044
71.6	-0.01338743
71.604	0.013114757
71.608	0.002177237
71.612	-0.032567865
71.616	0.00670333
71.62	0.032236151
71.624	0.007342208
71.628	-0.025385915
71.632	-0.024168834
71.636	0.008965292
71.64	0.027049577
71.644	0.009906275
71.648	-0.012146925
71.652	-0.015090675
71.656	-0.005333569
71.66	-0.003026828
71.664	0.017269939
71.668	0.017903347
71.672	-0.013630831
71.676	-0.020264057
71.68	0.003770205
71.684	0.017280652
71.688	0.006172646
71.692	-0.008939273
71.696	-0.01929253
71.7	-0.008982519
71.704	0.025560176
71.708	0.031556237
71.712	-0.016025056
71.716	-0.041571882
71.72	-0.001080998
71.724	0.025989712
71.728	0.025078355
71.732	-0.015919424
71.736	-0.033206157
71.74	0.026501663
71.744	0.030853373
71.748	-0.059247553
71.752	-0.035818069
71.756	0.069773082
71.76	0.066854532
71.764	-0.021636787
71.768	-0.092971901
71.772	-0.058868232
71.776	0.05472795
71.78	0.106741973
71.784	0.054465678
71.788	-0.085838384
71.792	-0.147847627
71.796	-0.032047697
71.8	0.155952597
71.804	0.206262022
71.808	-0.122499959
71.812	-0.222698998
71.816	0.087839529
71.82	0.003978801
71.824	-0.071756306
71.828	0.185779575
71.832	0.110333566
71.836	-0.173432639
71.84	-0.145763286
71.844	0.121446777
71.848	0.074349235
71.852	-0.095486408
71.856	-0.023913889
71.86	0.036314307
71.864	0.094126909
71.868	0.018148396
71.872	-0.145906636
71.876	-0.029389535
71.88	0.1176684
71.884	0.01500083
71.888	-0.063472221
71.892	-0.003074532
71.896	-0.000932247
71.9	-0.009491152
71.904	0.050538987
71.908	0.030893176
71.912	-0.036216291
71.916	-0.037988011
71.92	-0.019284681
71.924	0.018087947
71.928	0.048927485
71.932	0.001080109
71.936	-0.034034608
71.94	-0.006135513
71.944	0.009154075
71.948	0.000314056
71.952	0.008253747
71.956	0.009400548
71.96	-0.014625023
71.964	-0.011148205
71.968	-0.000107758
71.972	0.009810477
71.976	0.011731057
71.98	-0.008396265
71.984	-0.004379161
71.988	0.006646092
71.992	-0.000610654
71.996	-0.002176943
72	-0.007212938
72.004	-0.007709787
72.008	0.006461917
72.012	0.02108952
72.016	0.011217035
72.02	-0.027187194
72.024	-0.029712606
72.028	0.021383859
72.032	0.028831132
72.036	-0.00500385
72.04	-0.013774008
72.044	-0.004797919
72.048	0.000254993
72.052	-0.00146343
72.056	-0.000477258
72.06	0.006389696
72.064	0.01841031
72.068	-0.002705789
72.072	-0.026731441
72.076	-0.007292693
72.08	0.009270599
72.084	0.014125522
72.088	0.015752673
72.092	-0.006910193
72.096	-0.02278793
72.1	-0.014836872
72.104	0.010650573
72.108	0.026447007
72.112	-0.000780276
72.116	0.002693422
72.12	0.033774577
72.124	-0.084976603
72.128	-0.111899882
72.132	0.163516324
72.136	0.181929889
72.14	-0.186122402
72.144	-0.10715992
72.148	0.063399863
72.152	-0.007798494
72.156	0.058543867
72.16	0.041033838
72.164	-0.040553154
72.168	-0.014751875
72.172	-0.020142706
72.176	-0.019452446
72.18	0.009734646
72.184	0.042703542
72.188	0.024926163
72.192	-0.036806514
72.196	-0.024962286
72.2	0.016831897
72.204	0.007405055
72.208	-0.013301026
72.212	-0.00156325
72.216	0.019069777
72.22	0.010119152
72.224	-0.014666361
72.228	-0.019884178
72.232	0.007972083
72.236	0.015065147
72.24	-0.006045213
72.244	-0.003543227
72.248	0.009538428
72.252	-0.004160416
72.256	-0.013326997
72.26	0.003829111
72.264	0.01884535
72.268	-0.002482469
72.272	-0.018277638
72.276	-0.000407572
72.28	0.007028789
72.284	0.006528588
72.288	0.003497691
72.292	-0.002057903
72.296	-0.014650351
72.3	-0.007099824
72.304	0.020018854
72.308	0.011598297
72.312	-0.012092416
72.316	-0.010551353
72.32	-0.001063059
72.324	0.002797063
72.328	0.006588464
72.332	0.007968387
72.336	-0.001499766
72.34	-0.013940208
72.344	-0.002620422
72.348	0.002352112
72.352	0.010897814
72.356	0.008475034
72.36	-0.013017374
72.364	-0.011355952
72.368	0.002907293
72.372	0.018838356
72.376	0.00446384
72.38	-0.021672819
72.384	-0.007837767
72.388	0.00744951
72.392	0.011797892
72.396	0.006577003
72.4	-0.005195298
72.404	-0.001755433
72.408	-0.007167264
72.412	-0.015838954
72.416	0.003005463
72.42	0.031189061
72.424	0.014136482
72.428	-0.035921716
72.432	-0.018855196
72.436	0.021348929
72.44	0.019679129
72.444	-0.008185584
72.448	-0.021354947
72.452	0.007918351
72.456	0.014333145
72.46	-0.002815861
72.464	0.000542687
72.468	-0.014651425
72.472	-0.014081666
72.476	0.031745623
72.48	0.015367366
72.484	-0.044768654
72.488	0.001993429
72.492	0.042483357
72.496	0.006316121
72.5	-0.031673288
72.504	-0.037024649
72.508	-0.0036394
72.512	0.033118725
72.516	0.075070938
72.52	-0.000758609
72.524	-0.094393314
72.528	-0.06091635
72.532	0.05956059
72.536	0.10043436
72.54	-0.016683372
72.544	-0.08658554
72.548	-0.018632609
72.552	0.049867549
72.556	0.037043835
72.56	-0.008987409
72.564	-0.039556672
72.568	-0.023424364
72.572	0.027611952
72.576	0.032014078
72.58	-0.003396932
72.584	-0.023355956
72.588	-0.009085248
72.592	0.008964951
72.596	-0.001439266
72.6	-0.003381544
72.604	0.025021875
72.608	0.009380066
72.612	-0.035102625
72.616	-0.022878708
72.62	0.026033132
72.624	0.026408931
72.628	-0.008783653
72.632	-0.012283797
72.636	-0.006992037
72.64	-0.005875548
72.644	0.014677436
72.648	0.017840336
72.652	-0.015675188
72.656	-0.021808355
72.66	0.005951355
72.664	0.023358267
72.668	0.012048067
72.672	-0.017196115
72.676	-0.026750485
72.68	-0.003825544
72.684	0.030648125
72.688	0.021761022
72.692	-0.015272627
72.696	-0.027227693
72.7	-0.001665905
72.704	0.019290785
72.708	0.011508043
72.712	-0.013265897
72.716	-0.018478081
72.72	0.016239933
72.724	0.021727519
72.728	-0.008080325
72.732	-0.031029131
72.736	-0.013594841
72.74	0.043662892
72.744	0.038997538
72.748	-0.026078369
72.752	-0.058445109
72.756	-0.049199383
72.76	0.012737286
72.764	0.168801814
72.768	0.093729919
72.772	-0.225993717
72.776	-0.098801469
72.78	0.104010434
72.784	-0.039064331
72.788	0.055579475
72.792	0.160814492
72.796	-0.062200275
72.8	-0.170206121
72.804	0.050800754
72.808	0.069491819
72.812	-0.069549711
72.816	-0.026251586
72.82	0.037959504
72.824	0.078759177
72.828	0.038623063
72.832	-0.112503472
72.836	-0.07637014
72.84	0.090449089
72.844	0.072238468
72.848	-0.061133625
72.852	-0.057370899
72.856	0.023682919
72.86	0.024230027
72.864	0.023240393
72.868	0.016362919
72.872	-0.033357725
72.876	-0.034181441
72.88	0.014632484
72.884	0.021368058
72.888	-0.008419611
72.892	0.000499582
72.896	0.008921268
72.9	-0.006762955
72.904	-0.006853406
72.908	0.001057017
72.912	0.013381146
72.916	-0.000312166
72.92	-0.017173503
72.924	0.002329133
72.928	0.002055975
72.932	0.001473808
72.936	0.016634495
72.94	-0.002591678
72.944	-0.021022424
72.948	-0.006541431
72.952	0.015283114
72.956	0.011148593
72.96	0.000443369
72.964	-0.008846731
72.968	-0.017370988
72.972	0.008896473
72.976	0.016470374
72.98	-0.006719799
72.984	-0.007860997
72.988	0.005414978
72.992	0.010069474
72.996	-0.014226816
73	-0.006415043
73.004	0.008714551
73.008	-0.002487619
73.012	0.007288486
73.016	0.010376184
73.02	-0.006506258
73.024	-0.016446413
73.028	-0.014393036
73.032	0.018013771
73.036	0.033932947
73.04	-0.00953588
73.044	-0.041085177
73.048	-0.003542782
73.052	0.033874832
73.056	0.015066933
73.06	-0.016326688
73.064	-0.020191845
73.068	-0.011256084
73.072	0.013861944
73.076	0.042369924
73.08	0.060493508
73.084	-0.141772878
73.088	-0.139170521
73.092	0.23000473
73.096	0.172459158
73.1	-0.227140031
73.104	-0.087119124
73.108	0.080259228
73.112	0.005490602
73.116	0.015215203
73.12	0.012685844
73.124	0.025936972
73.128	0.005055128
73.132	-0.06174481
73.136	-0.037938965
73.14	0.018432966
73.144	0.053852884
73.148	0.031197129
73.152	-0.028412697
73.156	-0.046373845
73.16	0.003444548
73.164	0.031784148
73.168	-0.000523691
73.172	-0.005012628
73.176	0.003227731
73.18	-0.017943558
73.184	-0.000102319
73.188	0.023208293
73.192	-0.003145711
73.196	-0.005413983
73.2	0.002016542
73.204	-0.019421776
73.208	-0.01081079
73.212	0.033329111
73.216	0.02975697
73.22	-0.024925442
73.224	-0.043718457
73.228	0.00218166
73.232	0.05020968
73.236	0.009088363
73.24	-0.049127809
73.244	-0.004368414
73.248	0.035293691
73.252	0.005803231
73.256	-0.022177675
73.26	-0.012650896
73.264	0.013642628
73.268	0.015382714
73.272	-0.000717255
73.276	-0.012687611
73.28	-0.012720473
73.284	0.00167652
73.288	0.018470177
73.292	0.012181921
73.296	-0.018129263
73.3	-0.017128314
73.304	0.012568462
73.308	0.017468593
73.312	0.000579209
73.316	-0.026337136
73.32	-0.006269306
73.324	0.028112102
73.328	0.002497196
73.332	-0.017555555
73.336	0.005819572
73.34	0.001250998
73.344	-0.008319265
73.348	0.007284988
73.352	0.012808993
73.356	-0.009978787
73.36	-0.022420475
73.364	0.014508425
73.368	0.018749363
73.372	-0.010688429
73.376	-0.006316171
73.38	0.001301912
73.384	0.003615044
73.388	-0.004288177
73.392	-0.004606432
73.396	0.008134754
73.4	0.009653913
73.404	0.003974917
73.408	-0.030324163
73.412	-0.009825547
73.416	0.030387152
73.42	0.010781257
73.424	0.008086318
73.428	-0.020396499
73.432	-0.048689241
73.436	0.039294169
73.44	0.044684932
73.444	-0.048887653
73.448	-0.015988593
73.452	0.047351977
73.456	0.005395967
73.46	-0.03928157
73.464	-0.007947078
73.468	0.007812506
73.472	0.022795967
73.476	0.014011437
73.48	-0.026953206
73.484	-0.014839722
73.488	0.011119183
73.492	0.018621591
73.496	0.003752324
73.5	-0.029277394
73.504	0.000374866
73.508	0.03285319
73.512	-0.01740125
73.516	-0.02073671
73.52	0.009794584
73.524	0.017541421
73.528	0.016984482
73.532	-0.02277446
73.536	-0.030062376
73.54	0.012201002
73.544	0.034503583
73.548	-0.003171008
73.552	-0.031486305
73.556	0.004611585
73.56	0.023252409
73.564	-0.016367469
73.568	0.002500106
73.572	0.010015441
73.576	-0.015701202
73.58	0.006397537
73.584	-0.002005759
73.588	-0.010913096
73.592	0.021508854
73.596	0.012287659
73.6	-0.020196213
73.604	-0.013703548
73.608	-0.00715463
73.612	0.025662436
73.616	0.019834971
73.62	-0.02861066
73.624	-0.005166807
73.628	0.000540433
73.632	0.002208676
73.636	0.03262499
73.64	-0.0092582
73.644	-0.048855989
73.648	-0.000323575
73.652	0.049239858
73.656	0.016572186
73.66	-0.034813579
73.664	-0.019328042
73.668	0.013547632
73.672	0.015798005
73.676	-0.001949452
73.68	-0.012640252
73.684	-0.005512453
73.688	0.008441855
73.692	0.015157808
73.696	0.001018914
73.7	-0.01738252
73.704	-0.017047359
73.708	-0.007911603
73.712	0.044760141
73.716	0.051358719
73.72	-0.039679328
73.724	-0.091466035
73.728	-0.052762786
73.732	0.087009644
73.736	0.20742262
73.74	-0.04621496
73.744	-0.259113905
73.748	0.036167997
73.752	0.09863156
73.756	-0.048877582
73.76	0.046011562
73.764	0.105578107
73.768	-0.051341006
73.772	-0.14674666
73.776	0.054780031
73.78	0.090053561
73.784	-0.068177774
73.788	-0.059408391
73.792	0.034755194
73.796	0.099942035
73.8	0.040914193
73.804	-0.132497993
73.808	-0.082545116
73.812	0.12069532
73.816	0.074346254
73.82	-0.087015405
73.824	-0.052749931
73.828	0.027140054
73.832	0.028905848
73.836	0.036374356
73.84	0.002668852
73.844	-0.040353805
73.848	-0.03817557
73.852	0.008168921
73.856	0.052973838
73.86	-0.005811237
73.864	-0.044150592
73.868	0.023734826
73.872	0.038621493
73.876	-0.023887933
73.88	-0.042442359
73.884	0.014517857
73.888	0.039069971
73.892	-0.010922989
73.896	-0.032224806
73.9	0.010492473
73.904	0.022965296
73.908	-0.00521007
73.912	-0.004206091
73.916	-0.002630526
73.92	-0.00816943
73.924	-0.011245312
73.928	0.021544882
73.932	0.026133758
73.936	-0.027321514
73.94	-0.019003073
73.944	-0.001845094
73.948	0.018663869
73.952	0.024895509
73.956	-0.004181039
73.96	-0.036728237
73.964	-0.007323285
73.968	0.024306873
73.972	0.01229637
73.976	-0.004213579
73.98	-0.014968854
73.984	0.004897259
73.988	-0.001392487
73.992	-0.011715407
73.996	0.043648328
74	0.012812601
74.004	-0.138734429
74.008	0.071407851
74.012	0.121564574
74.016	-0.066520937
74.02	-0.071700178
74.024	-0.021978538
74.028	0.070470107
74.032	0.064230465
74.036	-0.064390726
74.04	-0.052803074
74.044	0.021927275
74.048	0.040687546
74.052	0.075726395
74.056	-0.111703132
74.06	-0.145993573
74.064	0.191726317
74.068	0.149730685
74.072	-0.20374574
74.076	-0.039123169
74.08	0.097032014
74.084	-0.081146028
74.088	-0.012114324
74.092	0.137123245
74.096	0.00796859
74.1	-0.087304832
74.104	-0.055160708
74.108	0.032198543
74.112	0.037518119
74.116	0.003019285
74.12	0.006073176
74.124	-0.007868559
74.128	-0.023257556
74.132	-0.006519494
74.136	0.02938322
74.14	0.015404139
74.144	-0.035630548
74.148	-0.021813229
74.152	0.028228909
74.156	0.057290727
74.16	-0.03523029
74.164	-0.073653743
74.168	0.038092056
74.172	0.035702303
74.176	-0.022628483
74.18	0.017491739
74.184	0.029919308
74.188	-0.055729391
74.192	-0.03048561
74.196	0.029719396
74.2	0.033062644
74.204	0.000387837
74.208	-0.020768722
74.212	-0.011771204
74.216	0.008462481
74.22	0.016319624
74.224	-0.012306901
74.228	-0.004675561
74.232	0.012850345
74.236	-0.018169219
74.24	0.000666904
74.244	0.024724313
74.248	-0.009093634
74.252	-0.020938147
74.256	0.006440479
74.26	0.035595935
74.264	-0.023921214
74.268	-0.022202947
74.272	0.014081225
74.276	-0.006601886
74.28	0.027026042
74.284	0.013836496
74.288	-0.045344578
74.292	-0.010817707
74.296	0.038757721
74.3	0.001426247
74.304	-0.021239615
74.308	0.003445884
74.312	0.001737239
74.316	0.011742174
74.32	0.006972198
74.324	-0.034964178
74.328	-0.009083028
74.332	0.058484487
74.336	0.000485766
74.34	-0.058867
74.344	-0.019953716
74.348	0.066203198
74.352	0.043748511
74.356	-0.074053054
74.36	-0.020067934
74.364	0.031725407
74.368	-0.009996638
74.372	0.013366621
74.376	0.003302404
74.38	0.007045539
74.384	0.009917701
74.388	-0.032919671
74.392	-0.027017036
74.396	0.010958949
74.4	0.053267888
74.404	0.022207467
74.408	-0.060110861
74.412	-0.025419381
74.416	0.021999895
74.42	0.007599878
74.424	0.025987954
74.428	0.059244641
74.432	-0.073879074
74.436	-0.130407063
74.44	0.069614312
74.444	0.122868299
74.448	0.032720854
74.452	-0.082020446
74.456	-0.0836003
74.46	0.013962779
74.464	0.053990519
74.468	0.030439164
74.472	-0.019342823
74.476	-0.032009486
74.48	0.011564316
74.484	0.034837165
74.488	0.003459285
74.492	-0.069152274
74.496	-0.01486922
74.5	0.056372479
74.504	0.041090203
74.508	-0.006786873
74.512	-0.052874101
74.516	-0.021306759
74.52	0.025483445
74.524	0.020110287
74.528	-0.000897133
74.532	-0.002483048
74.536	-0.000177552
74.54	-0.012061002
74.544	-0.002738734
74.548	0.008204742
74.552	0.004480459
74.556	0.002411485
74.56	-0.004749567
74.564	-0.012874769
74.568	0.008595924
74.572	0.023120411
74.576	-0.022055318
74.58	-0.022564928
74.584	0.028785356
74.588	0.012635946
74.592	-0.011896732
74.596	-0.007118919
74.6	-0.016466076
74.604	0.002353684
74.608	0.033750438
74.612	0.013803176
74.616	-0.033630804
74.62	-0.03554125
74.624	0.024605595
74.628	0.047436329
74.632	-0.010224052
74.636	-0.046166047
74.64	-0.01496798
74.644	0.03470626
74.648	0.041856847
74.652	-0.005317413
74.656	-0.048167952
74.66	-0.034040364
74.664	0.004609451
74.668	0.041002269
74.672	0.111384814
74.676	-0.044230029
74.68	-0.139259665
74.684	0.062813022
74.688	-0.063534248
74.692	-0.108003038
74.696	0.316850743
74.7	0.210242442
74.704	-0.361512568
74.708	-0.211877746
74.712	0.076370977
74.716	0.18035159
74.72	0.132475999
74.724	-0.13515704
74.728	-0.093005099
74.732	0.075027484
74.736	0.053040518
74.74	-0.057433189
74.744	-0.081994397
74.748	0.046714081
74.752	0.08612065
74.756	-0.026157419
74.76	-0.049035207
74.764	0.007838915
74.768	0.027159044
74.772	0.007684507
74.776	-0.023970031
74.78	-0.016115079
74.784	0.014738676
74.788	0.010826897
74.792	-0.002430779
74.796	-0.006656875
74.8	0.009362765
74.804	0.002855071
74.808	-0.027750474
74.812	0.005717706
74.816	0.034220754
74.82	-0.006883021
74.824	-0.029937699
74.828	0.006931566
74.832	0.019966733
74.836	-0.009328443
74.84	-0.015866792
74.844	0.00465321
74.848	0.02424245
74.852	0.006425975
74.856	-0.021240775
74.86	-0.021622441
74.864	-0.005477377
74.868	0.02584127
74.872	0.04204301
74.876	-0.014696849
74.88	-0.049933968
74.884	-0.011648955
74.888	0.026169213
74.892	0.037072816
74.896	-0.006343465
74.9	-0.035437693
74.904	-0.002820802
74.908	0.020070772
74.912	0.009151172
74.916	-0.015009452
74.92	-0.006851901
74.924	0.016488324
74.928	-0.001098499
74.932	-0.024954428
74.936	0.009956328
74.94	0.035814839
74.944	-0.0087148
74.948	-0.041131355
74.952	0.003447586
74.956	0.029849239
74.96	-0.01389173
74.964	-0.011851643
74.968	0.066575254
74.972	0.030932485
74.976	-0.204441673
74.98	-0.047422117
74.984	0.303494362
74.988	0.074724125
74.992	-0.275271651
74.996	-0.086829328
75	0.143618597
75.004	0.088706463
75.008	-0.064288187
75.012	-0.061760254
75.016	0.044456805
75.02	0.057340136
75.024	-0.028729006
75.028	-0.089203136
75.032	0.019077206
75.036	0.125455313
75.04	-0.065470883
75.044	-0.116706515
75.048	0.104684716
75.052	0.083979576
75.056	-0.049811041
75.06	-0.078776368
75.064	-0.028868391
75.068	0.052773249
75.072	0.06532218
75.076	-0.007899859
75.08	-0.049604599
75.084	-0.014458068
75.088	0.023480264
75.092	0.010316042
75.096	-0.023054399
75.1	-0.005904445
75.104	0.032301672
75.108	0.015609517
75.112	-0.02874496
75.116	-0.027919199
75.12	0.020924153
75.124	0.023244927
75.128	-0.009866391
75.132	-0.012701783
75.136	-0.005322554
75.14	0.013681227
75.144	0.009655778
75.148	-0.012645335
75.152	-0.006584115
75.156	0.010465269
75.16	-0.000336062
75.164	-0.011970135
75.168	0.005236841
75.172	0.013842147
75.176	-0.00838128
75.18	-0.002144745
75.184	0.003656868
75.188	-0.009300022
75.192	0.003670079
75.196	0.008093618
75.2	-0.006838206
75.204	-0.009148796
75.208	0.008130289
75.212	0.013287333
75.216	0.00341005
75.22	-0.008334999
75.224	-0.027808389
75.228	-0.005791465
75.232	0.044210924
75.236	0.015307171
75.24	-0.040347277
75.244	-0.011690429
75.248	0.021346524
75.252	0.007873521
75.256	-0.005648674
75.26	-0.005388781
75.264	-0.007634691
75.268	0.007137482
75.272	0.016958011
75.276	-0.013264609
75.28	-0.019446255
75.284	0.019826924
75.288	0.017435105
75.292	-0.016525235
75.296	-0.023294346
75.3	0.00883173
75.304	0.028386981
75.308	-0.001593975
75.312	-0.022012843
75.316	-0.003741883
75.32	0.013196232
75.324	0.003478987
75.328	-0.005725164
75.332	-0.005023156
75.336	-0.008867835
75.34	0.016191484
75.344	0.026712356
75.348	-0.022925106
75.352	-0.033890581
75.356	0.012061347
75.36	0.030181186
75.364	0.001071855
75.368	-0.025540541
75.372	-0.002813281
75.376	0.028434927
75.38	-0.002781462
75.384	-0.030514983
75.388	0.00338357
75.392	0.023838843
75.396	-0.00137415
75.4	-0.009974243
75.404	0.005144461
75.408	-0.005469788
75.412	-0.005025545
75.416	0.005778165
75.42	-0.000287169
75.424	0.007110167
75.428	0.015558984
75.432	-0.031417155
75.436	-0.021205971
75.44	0.04119996
75.444	0.002810589
75.448	-0.017957587
75.452	0.015718758
75.456	-0.000468653
75.46	-0.015185426
75.464	-0.012209355
75.468	0.00745834
75.472	0.019252969
75.476	-0.003994738
75.48	0.000204788
75.484	0.003300774
75.488	-0.012387215
75.492	-0.006350442
75.496	0.00815519
75.5	0.006399398
75.504	-0.006550497
75.508	-0.006261527
75.512	0.012693515
75.516	0.01096453
75.52	-0.010068965
75.524	-0.01767091
75.528	-0.002948161
75.532	0.018516573
75.536	0.011491975
75.54	-0.012218369
75.544	-0.010039418
75.548	0.00278582
75.552	0.009885714
75.556	-0.005213047
75.56	-0.005320438
75.564	0.015504872
75.568	0.001519762
75.572	-0.02727897
75.576	-0.012460102
75.58	0.033116887
75.584	0.045017331
75.588	-0.016968093
75.592	-0.066556773
75.596	-0.057420736
75.6	0.017624664
75.604	0.188402462
75.608	0.075536885
75.612	-0.256550709
75.616	-0.040961559
75.62	0.083949594
75.624	-0.101677339
75.628	0.149215511
75.632	0.194910075
75.636	-0.164066178
75.64	-0.194230193
75.644	0.087354938
75.648	0.116249041
75.652	-0.06811493
75.656	-0.051119841
75.66	0.015236647
75.664	0.070474982
75.668	0.08265971
75.672	-0.096158152
75.676	-0.134572771
75.68	0.077365389
75.684	0.12533126
75.688	-0.04259097
75.692	-0.090859649
75.696	-0.009643741
75.7	0.053394064
75.704	0.044161568
75.708	-0.008043349
75.712	-0.026890817
75.716	-0.018242517
75.72	-0.007624474
75.724	0.003042591
75.728	0.019456388
75.732	0.020720092
75.736	-0.007710854
75.74	-0.031352652
75.744	-0.008145231
75.748	0.037139542
75.752	0.016467018
75.756	-0.036056289
75.76	-0.016433354
75.764	0.021593852
75.768	0.017145745
75.772	-0.011564315
75.776	-0.018349408
75.78	0.016446792
75.784	0.006671388
75.788	-0.011337551
75.792	0.00757466
75.796	-0.008837267
75.8	-0.007106206
75.804	0.016957386
75.808	0.004866654
75.812	-0.012156448
75.816	-0.005116031
75.82	-0.00925393
75.824	0.019255182
75.828	0.029328191
75.832	-0.019418528
75.836	-0.051598444
75.84	-0.000161447
75.844	0.061103721
75.848	0.019590743
75.852	-0.031114862
75.856	-0.032651091
75.86	-0.007321904
75.864	0.024667668
75.868	0.018543403
75.872	0.004088729
75.876	-0.025364392
75.88	-0.000822564
75.884	0.023761878
75.888	-0.021238356
75.892	-0.009433885
75.896	-0.001693311
75.9	0.029797701
75.904	0.021370969
75.908	-0.040978319
75.912	-0.02219592
75.916	0.017893439
75.92	0.023253839
75.924	0.001183748
75.928	-0.035561567
75.932	0.047909694
75.936	0.034296333
75.94	-0.164399336
75.944	0.004008236
75.948	0.267030553
75.952	-0.074347729
75.956	-0.268157328
75.96	0.147435618
75.964	0.123549515
75.968	-0.072615872
75.972	-0.075045542
75.976	0.003507723
75.98	0.089613034
75.984	0.010697068
75.988	-0.056159096
75.992	-0.027503754
75.996	-0.008082998
76	0.038441583
76.004	0.04330833
76.008	-0.017595589
76.012	-0.024665979
76.016	-0.033902477
76.02	0.008657266
76.024	0.050711501
76.028	-0.001183115
76.032	-0.028749989
76.036	-0.017768067
76.04	0.006893339
76.044	0.039241141
76.048	0.002166636
76.052	-0.027959805
76.056	-0.041833061
76.06	0.040269024
76.064	0.045091587
76.068	-0.046895961
76.072	-0.014329797
76.076	0.029479673
76.08	-0.006216915
76.084	-0.005974899
76.088	0.001178076
76.092	0.00125644
76.096	-0.003284913
76.1	0.000308771
76.104	0.015591209
76.108	-0.007372023
76.112	-0.017718027
76.116	0.007535156
76.12	0.017224702
76.124	-0.005340474
76.128	-0.037208237
76.132	0.024558767
76.136	0.052851496
76.14	-0.035591708
76.144	-0.055647975
76.148	0.024227576
76.152	0.04830272
76.156	-0.006978927
76.16	-0.034133011
76.164	-0.004225605
76.168	0.01676041
76.172	0.01735945
76.176	-0.009882666
76.18	-0.023632003
76.184	0.006127425
76.188	0.0254335
76.192	-0.000817916
76.196	-0.025172235
76.2	-0.006085163
76.204	0.014134926
76.208	0.012907952
76.212	0.007152423
76.216	-0.014731301
76.22	-0.021225153
76.224	0.014425554
76.228	0.017642763
76.232	-0.012589068
76.236	-0.018292581
76.24	0.0128341
76.244	0.021661732
76.248	-0.005505627
76.252	-0.017720379
76.256	-0.00288955
76.26	0.013197737
76.264	0.001582371
76.268	-0.018592385
76.272	0.002565816
76.276	0.02305207
76.28	0.005064984
76.284	-0.019148063
76.288	-0.015765185
76.292	0.010276784
76.296	0.018929647
76.3	-0.001219005
76.304	-0.015863524
76.308	-0.005853831
76.312	0.0049219
76.316	0.010695006
76.32	0.011906482
76.324	-0.015931235
76.328	-0.018289507
76.332	0.020572469
76.336	0.008899884
76.34	-0.019538257
76.344	-0.007533375
76.348	0.022181721
76.352	0.015389704
76.356	-0.02982379
76.36	-0.005793464
76.364	0.022962502
76.368	-0.012118914
76.372	-0.00793963
76.376	0.015682702
76.38	0.002917134
76.384	-0.010827273
76.388	-0.002460185
76.392	0.012644439
76.396	-0.000424647
76.4	-0.020926398
76.404	4.84444E-05
76.408	0.025471943
76.412	0.002761422
76.416	-0.02143582
76.42	0.000674248
76.424	0.010227107
76.428	-0.001762322
76.432	-0.005278482
76.436	-0.003425711
76.44	0.008284371
76.444	0.007724264
76.448	-0.010928647
76.452	-0.006189681
76.456	0.01307606
76.46	0.000537692
76.464	-0.013675498
76.468	0.002410184
76.472	0.002278185
76.476	0.009646096
76.48	0.010666546
76.484	-0.01336069
76.488	-0.032594998
76.492	0.003650458
76.496	0.038533253
76.5	0.023033165
76.504	-0.001024558
76.508	-0.031843995
76.512	-0.074141803
76.516	-0.043893132
76.52	0.138515501
76.524	0.187593996
76.528	-0.172509043
76.532	-0.183404619
76.536	0.143070774
76.54	-0.031134367
76.544	-0.083528179
76.548	0.163872695
76.552	0.098140225
76.556	-0.02133501
76.56	-0.155676009
76.564	-0.15760903
76.568	0.099767358
76.572	0.112074106
76.576	0.095734495
76.58	-0.019124612
76.584	-0.174675973
76.588	-0.009005984
76.592	0.110456473
76.596	0.025924858
76.6	-0.047126908
76.604	-0.041963627
76.608	0.008387166
76.612	0.031367985
76.616	0.012941623
76.62	-0.008558122
76.624	-0.002480285
76.628	0.007468894
76.632	-0.011307489
76.636	-0.023747787
76.64	0.004854773
76.644	0.032819756
76.648	0.002195592
76.652	-0.032425764
76.656	0.003894283
76.66	0.022163105
76.664	-0.011224255
76.668	-0.004943683
76.672	0.021277057
76.676	-0.004003007
76.68	-0.031558583
76.684	-0.007925953
76.688	0.033866176
76.692	0.015898509
76.696	-0.024134537
76.7	-0.002813754
76.704	0.011196698
76.708	-0.007285946
76.712	-0.011893558
76.716	0.001673317
76.72	0.017286333
76.724	0.008178556
76.728	-0.006118593
76.732	-0.014292403
76.736	-0.013547594
76.74	0.009157169
76.744	0.026647878
76.748	0.00057136
76.752	-0.028453722
76.756	-0.00205446
76.76	0.020171536
76.764	0.002708379
76.768	-0.013450616
76.772	-0.006858615
76.776	0.01119515
76.78	0.004263598
76.784	-0.008130215
76.788	0.010362986
76.792	0.006614237
76.796	-0.020762861
76.8	-0.012720235
76.804	0.012358908
76.808	0.020518478
76.812	-0.001582824
76.816	-0.015051512
76.82	0.002725942
76.824	0.006330685
76.828	-0.005750747
76.832	-0.021915421
76.836	-0.002808112
76.84	0.072235852
76.844	0.03777759
76.848	-0.159392904
76.852	-0.089225785
76.856	0.232477277
76.86	0.137590737
76.864	-0.230499675
76.868	-0.132809379
76.872	0.125696383
76.876	0.124383915
76.88	-0.085686194
76.884	-0.056089231
76.888	0.07694773
76.892	-0.00258363
76.896	-0.036372446
76.9	0.005213964
76.904	-0.018424641
76.908	0.004849473
76.912	0.047473575
76.916	0.000592068
76.92	-0.04642244
76.924	-0.011418755
76.928	0.041622439
76.932	0.013792095
76.936	-0.03206135
76.94	-0.018457172
76.944	0.014366346
76.948	0.021870644
76.952	0.002010843
76.956	-0.011772502
76.96	-0.005225493
76.964	-0.004492547
76.968	-0.00270407
76.972	0.00601006
76.976	0.011656017
76.98	0.004844711
76.984	-0.011603496
76.988	-0.012418246
76.992	0.006402582
76.996	0.010790725
77	-0.000171208
77.004	-0.008514793
77.008	-0.006981539
77.012	0.004222742
77.016	0.014055213
77.02	0.007676502
77.024	-0.017163896
77.028	-0.014320526
77.032	0.005284432
77.036	0.015458335
77.04	0.011472574
77.044	-0.017378912
77.048	-0.015753644
77.052	0.017028168
77.056	0.009828011
77.06	-0.01030497
77.064	-0.011764264
77.068	0.00686152
77.072	0.018358613
77.076	-0.003990229
77.08	-0.016078964
77.084	-0.004517204
77.088	0.004233888
77.092	0.008427428
77.096	0.004480345
77.1	-0.000126095
77.104	0.002126694
77.108	-0.008618723
77.112	-0.022729707
77.116	0.007504484
77.12	0.037655133
77.124	0.000322253
77.128	-0.031891193
77.132	-0.009415746
77.136	0.0187134
77.14	0.016104256
77.144	-0.017148694
77.148	-0.016906581
77.152	0.018588624
77.156	0.017861086
77.16	-0.013936719
77.164	-0.021274166
77.168	0.009975185
77.172	0.019562109
77.176	-0.003409813
77.18	-0.01210006
77.184	-0.015615412
77.188	0.008432153
77.192	0.028797704
77.196	-0.000321096
77.2	-0.025131149
77.204	-0.010014434
77.208	0.012769189
77.212	0.010981289
77.216	-0.004626371
77.22	-0.005155898
77.224	0.005277894
77.228	0.001734651
77.232	-0.006043954
77.236	-0.00474991
77.24	0.001860631
77.244	0.010317041
77.248	0.005148178
77.252	-0.017741037
77.256	-0.009779571
77.26	0.026477241
77.264	0.006710624
77.268	-0.027141529
77.272	-0.001786581
77.276	0.022261044
77.28	-0.002955472
77.284	-0.012539299
77.288	0.001413257
77.292	0.000737596
77.296	0.002790942
77.3	0.011088267
77.304	-0.002249273
77.308	-0.019760634
77.312	-0.000891299
77.316	0.020866195
77.32	0.00560144
77.324	-0.018768022
77.328	-0.007573463
77.332	0.008459099
77.336	0.009103394
77.34	0.008445159
77.344	-0.01166426
77.348	-0.017930212
77.352	0.014825269
77.356	0.016413721
77.36	-0.02192103
77.364	-0.01437288
77.368	0.030212541
77.372	0.010628322
77.376	-0.024097274
77.38	-0.001202311
77.384	0.005010176
77.388	-0.007630399
77.392	0.004484334
77.396	0.012781141
77.4	0.003062447
77.404	-0.018732086
77.408	-0.011532887
77.412	0.020285618
77.416	0.014118742
77.42	-0.007388969
77.424	-0.016491965
77.428	-0.016619826
77.432	0.020042234
77.436	0.027187816
77.44	-0.003593218
77.444	-0.026916453
77.448	-0.019457893
77.452	0.008569093
77.456	0.033207167
77.46	0.026005971
77.464	-0.01766546
77.468	-0.044440799
77.472	-0.053497871
77.476	-0.006804729
77.48	0.162007455
77.484	0.107372817
77.488	-0.225643707
77.492	-0.052575429
77.496	0.080398289
77.5	-0.134941718
77.504	0.122512734
77.508	0.253227174
77.512	-0.116911256
77.516	-0.262689323
77.52	0.001448713
77.524	0.247798561
77.528	0.013106761
77.532	-0.197566249
77.536	-0.024098469
77.54	0.102113985
77.544	0.12768983
77.548	-0.034171716
77.552	-0.173090697
77.556	-0.000665786
77.56	0.127564603
77.564	0.010880708
77.568	-0.073275299
77.572	-0.012058193
77.576	0.029423469
77.58	0.012915288
77.584	0.008095103
77.588	-0.005335738
77.592	-0.016171505
77.596	-0.000866848
77.6	-0.002056109
77.604	-0.002344592
77.608	0.010485487
77.612	0.002119535
77.616	-0.005464448
77.62	0.010241274
77.624	0.000890697
77.628	-0.018398878
77.632	0.005608704
77.636	0.014216236
77.64	-0.008188203
77.644	-0.022543956
77.648	0.010374945
77.652	0.034166108
77.656	-0.009584782
77.66	-0.030886162
77.664	-0.00054582
77.668	0.025353253
77.672	0.008235386
77.676	-0.011742603
77.68	-0.017119914
77.684	-0.013811645
77.688	0.027023161
77.692	0.029305534
77.696	-0.015744652
77.7	-0.027069455
77.704	-0.015055744
77.708	0.022438963
77.712	0.028269129
77.716	-0.011611899
77.72	-0.021282376
77.724	-0.004349994
77.728	0.017967186
77.732	0.012308934
77.736	-0.01732968
77.74	-0.017034599
77.744	0.006025494
77.748	0.029108782
77.752	0.008763368
77.756	-0.037546149
77.76	-0.01058521
77.764	0.025558293
77.768	0.007610042
77.772	-0.010035483
77.776	-0.008812217
77.78	0.007813132
77.784	0.009990161
77.788	-0.012671863
77.792	-0.003704428
77.796	0.01341376
77.8	-0.005992185
77.804	-0.016657658
77.808	0.01051587
77.812	0.06374635
77.816	-0.059901219
77.82	-0.099753509
77.824	0.080931199
77.828	0.143338798
77.832	-0.072741889
77.836	-0.131562443
77.84	0.017665349
77.844	0.085652174
77.848	0.024328601
77.852	-0.066999632
77.856	0.008866236
77.86	0.050500315
77.864	-0.028023302
77.868	-0.038545858
77.872	-0.005821471
77.876	0.031406841
77.88	0.03807113
77.884	-0.013609624
77.888	-0.037938319
77.892	-0.009463895
77.896	0.022529225
77.9	0.021179196
77.904	-0.011705824
77.908	-0.013317988
77.912	0.000714899
77.916	0.000801235
77.92	0.012033479
77.924	-0.003772123
77.928	-0.0102045
77.932	0.014627225
77.936	-0.004739839
77.94	-0.017611329
77.944	0.009594902
77.948	0.015721356
77.952	0.003020602
77.956	-0.018688418
77.96	-0.010676272
77.964	0.013261158
77.968	0.016271189
77.972	-0.005546225
77.976	-0.015591066
77.98	0.001122996
77.984	-0.002832182
77.988	0.001844421
77.992	0.028140631
77.996	0.005013822
78	-0.043007626
78.004	-0.01288486
78.008	0.03439411
78.012	0.008603788
78.016	-0.014506144
78.02	0.003114219
78.024	0.004922566
78.028	-0.007030253
78.032	-0.006181414
78.036	0.000551624
78.04	0.005752641
78.044	0.0007485
78.048	0.00288031
78.052	0.007319084
78.056	-0.012809206
78.06	-0.013930249
78.064	0.016720555
78.068	0.013140996
78.072	-0.013551943
78.076	-0.010380323
78.08	0.016254573
78.084	0.001039685
78.088	-0.02239889
78.092	0.000869644
78.096	0.025310307
78.1	0.014000859
78.104	-0.02369647
78.108	-0.018551482
78.112	0.006372109
78.116	0.009231692
78.12	0.013882734
78.124	0.00082143
78.128	-0.019616175
78.132	-0.010052034
78.136	0.010982255
78.14	0.017595712
78.144	0.007297207
78.148	-0.022007543
78.152	-0.020180148
78.156	0.018649575
78.16	0.025695143
78.164	-0.01332941
78.168	-0.02764289
78.172	0.004717186
78.176	0.025348702
78.18	0.011265828
78.184	-0.018250695
78.188	-0.022203985
78.192	0.005986608
78.196	0.023506706
78.2	0.002526785
78.204	-0.023961238
78.208	-0.000294342
78.212	0.023916993
78.216	0.002673587
78.22	-0.023592645
78.224	-0.017436623
78.228	0.022570028
78.232	0.028945706
78.236	-0.017470802
78.24	-0.022110923
78.244	0.007045196
78.248	0.008917004
78.252	-0.00255083
78.256	-0.008045032
78.26	0.015058979
78.264	0.010770717
78.268	-0.021063679
78.272	-0.016303765
78.276	0.010614372
78.28	0.021242121
78.284	0.0012077
78.288	-0.015943055
78.292	-0.009735151
78.296	0.01052107
78.3	0.014078664
78.304	-0.00766375
78.308	-0.017327311
78.312	-0.001480863
78.316	0.019269895
78.32	0.01735059
78.324	-0.01773768
78.328	-0.026188315
78.332	0.016409127
78.336	0.02121912
78.34	-0.025466489
78.344	-0.002636987
78.348	0.033007802
78.352	-0.018304291
78.356	-0.020514102
78.36	0.023841523
78.364	0.005314318
78.368	-0.018594372
78.372	-0.005792522
78.376	0.014420066
78.38	0.013986599
78.384	-0.008462161
78.388	-0.021979092
78.392	-0.007513276
78.396	0.038816341
78.4	0.017749778
78.404	-0.039694966
78.408	-0.029827106
78.412	0.017769306
78.416	0.033944537
78.42	0.014184024
78.424	-0.010627744
78.428	-0.016264808
78.432	-0.029821696
78.436	-0.058798819
78.44	0.031204859
78.444	0.194913145
78.448	-0.003384565
78.452	-0.237366643
78.456	0.049358578
78.46	0.049645209
78.464	-0.140081892
78.468	0.142662079
78.472	0.212400303
78.476	-0.114216887
78.48	-0.251517766
78.484	-0.006614879
78.488	0.251348609
78.492	0.037516556
78.496	-0.168965429
78.5	-0.061964652
78.504	0.043555193
78.508	0.137531588
78.512	0.021826031
78.516	-0.162195949
78.52	-0.001030749
78.524	0.114113447
78.528	-0.029519356
78.532	-0.069206302
78.536	0.01605409
78.54	0.038012567
78.544	0.013170751
78.548	-0.013236946
78.552	-0.01225852
78.556	0.007860622
78.56	0.000850819
78.564	-0.016440809
78.568	0.007328076
78.572	0.010521752
78.576	-0.026365267
78.58	0.003162752
78.584	0.041073268
78.588	0.002855006
78.592	-0.026075207
78.596	-0.020024408
78.6	0.005846799
78.604	0.008777362
78.608	-0.000664185
78.612	0.014220288
78.616	0.009286133
78.62	-0.015915049
78.624	-0.021049463
78.628	0.011366709
78.632	0.015855966
78.636	-0.012940268
78.64	0.001604213
78.644	0.012061029
78.648	-0.008204922
78.652	-0.017966917
78.656	0.014510339
78.66	0.024195982
78.664	-0.013879198
78.668	-0.031845044
78.672	0.002787527
78.676	0.040695058
78.68	0.003641002
78.684	-0.042059534
78.688	-0.004079114
78.692	0.036898922
78.696	0.01106369
78.7	-0.025630642
78.704	-0.031831744
78.708	0.015325247
78.712	0.037233095
78.716	-0.001378734
78.72	-0.016403094
78.724	-0.011913784
78.728	-0.003303471
78.732	0.004819727
78.736	0.012242986
78.74	0.008719483
78.744	-0.009017322
78.748	-0.014386653
78.752	-0.000688527
78.756	0.023178233
78.76	-0.006020347
78.764	-0.033827085
78.768	0.026605255
78.772	0.069805366
78.776	-0.069236828
78.78	-0.130119067
78.784	0.119013001
78.788	0.179849116
78.792	-0.171357679
78.796	-0.108731218
78.8	0.114215254
78.804	0.042402899
78.808	-0.040728067
78.812	-0.046611964
78.816	0.031278589
78.82	0.062289905
78.824	-0.014104547
78.828	-0.065743176
78.832	-0.034341311
78.836	0.053459608
78.84	0.05966567
78.844	-0.017632062
78.848	-0.05104437
78.852	-0.01074087
78.856	0.020126101
78.86	0.027027801
78.864	-0.003737846
78.868	-0.024712125
78.872	0.010295286
78.876	0.005983959
78.88	-0.019630518
78.884	-0.002652061
78.888	0.029923331
78.892	0.016442763
78.896	-0.033742871
78.9	-0.021578665
78.904	0.016012761
78.908	0.01881548
78.912	0.001107764
78.916	-0.007538134
78.92	-0.008582303
78.924	-0.002868649
78.928	0.010544471
78.932	0.006544439
78.936	-0.008659213
78.94	-0.010423477
78.944	0.002857371
78.948	0.021581722
78.952	0.002224395
78.956	-0.034715359
78.96	-0.000476059
78.964	0.036599611
78.968	0.002578974
78.972	-0.031824699
78.976	-0.010509664
78.98	0.024934383
78.984	0.008381342
78.988	-0.007437405
78.992	-0.001047935
78.996	-0.007370373
79	0.002644221
79.004	0.005744476
79.008	-0.007673405
79.012	-0.007460514
79.016	0.009193832
79.02	0.019842478
79.024	-0.004421035
79.028	-0.023289022
79.032	-0.010764096
79.036	0.0183437
79.04	0.021163255
79.044	-0.01102971
79.048	-0.020689604
79.052	0.004495026
79.056	0.020677469
79.06	-0.008805335
79.064	-0.013031183
79.068	0.00709619
79.072	0.002811124
79.076	0.007949832
79.08	0.001397836
79.084	-0.01892808
79.088	-0.00168777
79.092	0.009066723
79.096	0.006445795
79.1	0.001918773
79.104	-0.00513698
79.108	0.005729938
79.112	-0.009736621
79.116	-0.013730452
79.12	0.016039898
79.124	0.009848511
79.128	-0.005224236
79.132	-0.003839884
79.136	-0.011941671
79.14	0.008031677
79.144	0.019737109
79.148	-0.011391842
79.152	-0.013622129
79.156	-0.001640994
79.16	0.011675695
79.164	0.00704001
79.168	-0.01110477
79.172	0.000488993
79.176	0.011703459
79.18	-0.010601033
79.184	-0.008004576
79.188	0.0110143
79.192	-0.001943867
79.196	-0.003535861
79.2	0.009080312
79.204	0.001644817
79.208	-0.00948554
79.212	-0.006252665
79.216	0.006406075
79.22	0.012514172
79.224	-0.005673109
79.228	-0.017178557
79.232	0.006838778
79.236	0.015246555
79.24	-0.001968092
79.244	-0.008110288
79.248	-0.006371172
79.252	0.000404751
79.256	0.004312212
79.26	0.010646689
79.264	0.00492898
79.268	-0.014732707
79.272	-0.014370896
79.276	0.006067591
79.28	0.017023109
79.284	0.003546232
79.288	-0.006598642
79.292	-0.010766371
79.296	0.000824593
79.3	0.010270911
79.304	-0.008591731
79.308	0.004476214
79.312	0.008867288
79.316	-0.01294669
79.32	0.00259871
79.324	-0.014110006
79.328	0.012831933
79.332	0.029641906
79.336	-0.02738406
79.34	-0.00877218
79.344	0.012331918
79.348	-0.013322354
79.352	-0.007621952
79.356	0.017303794
79.36	0.033445597
79.364	0.001821472
79.368	-0.053552584
79.372	-0.06027941
79.376	0.015366941
79.38	0.161638877
79.384	0.055116824
79.388	-0.217747718
79.392	-0.023581955
79.396	0.089672896
79.4	-0.087349067
79.404	0.0585082
79.408	0.116841153
79.412	0.042135589
79.416	-0.012235614
79.42	-0.271219755
79.424	-0.066653385
79.428	0.230636584
79.432	0.104452673
79.436	-0.007595264
79.44	-0.149996491
79.444	-0.06432494
79.448	0.14310402
79.452	0.042993818
79.456	-0.098749838
79.46	-0.03779098
79.464	0.044607775
79.468	0.006164502
79.472	-0.003383122
79.476	0.035484415
79.48	0.011319516
79.484	-0.02890487
79.488	-0.036738926
79.492	-0.012250966
79.496	0.041284434
79.5	0.024704397
79.504	-0.027928851
79.508	-0.001587481
79.512	0.013176332
79.516	-0.018558992
79.52	-0.004501278
79.524	0.02044916
79.528	-0.004354523
79.532	-0.008358934
79.536	0.011973687
79.54	0.00066567
79.544	-0.018533694
79.548	-0.000251631
79.552	0.016232169
79.556	0.001635061
79.56	-0.007408208
79.564	0.003571976
79.568	-0.001778438
79.572	-0.01506706
79.576	0.0076406
79.58	0.027868558
79.584	-0.008015106
79.588	-0.037446026
79.592	0.002089927
79.596	0.035734547
79.6	0.007979793
79.604	-0.0168832
79.608	-0.019189633
79.612	-0.007207251
79.616	0.028414004
79.62	0.014822479
79.624	-0.027314921
79.628	-0.005872238
79.632	0.012476997
79.636	0.002930635
79.64	0.002018502
79.644	-0.010363199
79.648	-0.005624994
79.652	0.007171121
79.656	0.010992589
79.66	5.63184E-05
79.664	-0.008810172
79.668	-0.003941389
79.672	0.000327238
79.676	0.00106427
79.68	0.001329154
79.684	-0.003724446
79.688	-0.004206356
79.692	0.025641055
79.696	0.059947961
79.7	-0.083377015
79.704	-0.157295059
79.708	0.126854321
79.712	0.243512492
79.716	-0.148398827
79.72	-0.18910739
79.724	0.094770719
79.728	0.062823499
79.732	-0.036538801
79.736	0.031520942
79.74	0.007650275
79.744	-0.044534126
79.748	0.013964688
79.752	0.018708065
79.756	-0.031041037
79.76	-0.021238391
79.764	0.033312598
79.768	0.033258758
79.772	-0.006114156
79.776	-0.028821573
79.78	-0.018079838
79.784	0.005047435
79.788	0.024023028
79.792	0.012494138
79.796	-0.021362646
79.8	-0.00612873
79.804	0.008196834
79.808	-0.004514541
79.812	0.005251395
79.816	0.01224817
79.82	-0.012243978
79.824	-0.019434559
79.828	0.020055747
79.832	0.014142244
79.836	-0.026450581
79.84	-0.002075445
79.844	0.025758975
79.848	0.005575881
79.852	-0.027037306
79.856	-0.011171979
79.86	0.026224808
79.864	-0.000412479
79.868	-0.014867887
79.872	0.01093412
79.876	0.011491324
79.88	-0.011880424
79.884	-0.017381053
79.888	0.012953049
79.892	0.017315361
79.896	-0.015781271
79.9	-0.017023998
79.904	0.014584153
79.908	0.027966909
79.912	-0.013503217
79.916	-0.033962765
79.92	0.011562368
79.924	0.027277572
79.928	-0.000520565
79.932	-0.02900007
79.936	-0.011710831
79.94	0.034601247
79.944	0.015079165
79.948	-0.020011177
79.952	-0.01583046
79.956	0.001660542
79.96	0.011058347
79.964	-0.000239965
79.968	-0.001097262
79.972	0.008513661
79.976	-0.005119784
79.98	-0.010874753
79.984	0.007273355
79.988	0.001611588
79.992	-0.010931636
79.996	0.012432416
80	0.014483033
80.004	-0.015204216
80.008	-0.016568916
80.012	0.002090448
80.016	0.016032258
80.02	0.016001599
80.024	-0.014860174
80.028	-0.019630802
80.032	0.00873309
80.036	0.011443865
80.04	-0.00598399
80.044	-0.000357656
80.048	0.011594659
80.052	-0.010708009
80.056	-0.014411431
80.06	0.019318057
80.064	0.008980412
80.068	-0.019949649
80.072	-0.00968856
80.076	0.016630122
80.08	0.012928321
80.084	-0.007497133
80.088	-0.007485763
80.092	-0.003466564
80.096	-0.001156945
80.1	0.003835969
80.104	0.003914225
80.108	-0.000688632
80.112	-0.002663716
80.116	0.013222761
80.12	0.002860907
80.124	-0.029910135
80.128	-0.008060416
80.132	0.020182035
80.136	0.018156658
80.14	0.002799025
80.144	-0.014448995
80.148	-0.010061796
80.152	-0.003321955
80.156	0.000581883
80.16	0.007253835
80.164	0.018441764
80.168	-0.00321342
80.172	-0.027150695
80.176	0.000469112
80.18	0.027923698
80.184	-0.00135171
80.188	-0.029708343
80.192	0.007326645
80.196	0.030358135
80.2	-0.011814189
80.204	-0.033986934
80.208	0.006218476
80.212	0.037992719
80.216	0.012913244
80.22	-0.030730793
80.224	-0.037327964
80.228	0.021292481
80.232	0.043204937
80.236	-0.019744111
80.24	-0.027536523
80.244	0.019629342
80.248	0.011770353
80.252	-0.014877153
80.256	-0.007881895
80.26	0.009605213
80.264	0.007526773
80.268	0.004185495
80.272	-0.012724359
80.276	-0.021168982
80.28	0.013940664
80.284	0.028227809
80.288	0.003839047
80.292	-0.02577739
80.296	-0.033170318
80.3	0.016615126
80.304	0.055070098
80.308	0.011188072
80.312	-0.046379636
80.316	-0.063300773
80.32	-0.033852105
80.324	0.100191019
80.328	0.192845667
80.332	-0.129229708
80.336	-0.208876538
80.34	0.12280235
80.344	-0.050316067
80.348	-0.037253047
80.352	0.260716512
80.356	0.018296998
80.36	-0.245590086
80.364	-0.044817924
80.368	0.140861737
80.372	0.022828939
80.376	-0.06826123
80.38	-0.040279283
80.384	0.04090467
80.388	0.104847784
80.392	-0.011481041
80.396	-0.125298571
80.4	-0.009583099
80.404	0.094540732
80.408	0.008066391
80.412	-0.060049537
80.416	-0.019480842
80.42	0.023237771
80.424	0.043113427
80.428	0.01367734
80.432	-0.032116793
80.436	-0.029097753
80.44	-0.006756449
80.444	0.032014873
80.448	0.016544957
80.452	-0.021488926
80.456	-0.010759629
80.46	0.010222099
80.464	0.00571521
80.468	-0.009799793
80.472	0.010536955
80.476	0.01246615
80.48	-0.019767084
80.484	-0.015868326
80.488	0.012180328
80.492	0.010662171
80.496	0.002700859
80.5	-0.003738004
80.504	-0.01434829
80.508	0.006217373
80.512	0.018191675
80.516	-0.005593122
80.52	-0.015122858
80.524	0.000482398
80.528	-0.003468387
80.532	0.002548932
80.536	0.027413653
80.54	0.002762453
80.544	-0.040367301
80.548	-0.009833519
80.552	0.036537682
80.556	0.012552237
80.56	-0.02703146
80.564	-0.010049452
80.568	0.020803941
80.572	0.010017671
80.576	-0.014591949
80.58	-0.015714814
80.584	0.00181682
80.588	0.014018046
80.592	0.017772792
80.596	-0.003980071
80.6	-0.022397628
80.604	-0.012287729
80.608	0.009376375
80.612	0.022971547
80.616	0.006057945
80.62	-0.013429567
80.624	-0.014780462
80.628	-0.010168167
80.632	0.006477688
80.636	0.030004636
80.64	0.018557885
80.644	-0.033816722
80.648	-0.042023008
80.652	0.012297363
80.656	0.091567924
80.66	-0.007841459
80.664	-0.19511307
80.668	0.08021049
80.672	0.277909867
80.676	-0.202169147
80.68	-0.18189104
80.684	0.154908382
80.688	0.068809081
80.692	-0.036129764
80.696	-0.030474209
80.7	0.008986707
80.704	0.003076756
80.708	-0.01694811
80.712	0.012386331
80.716	0.002681255
80.72	-0.012317457
80.724	0.014801389
80.728	0.004181193
80.732	0.000342121
80.736	-0.000544483
80.74	-0.022415
80.744	0.002777665
80.748	0.019785278
80.752	-0.009518542
80.756	-0.009090162
80.76	0.017490289
80.764	0.008088708
80.768	-0.008782778
80.772	-0.013746543
80.776	-0.004712387
80.78	-8.65653E-05
80.784	0.010775804
80.788	0.018540618
80.792	-0.000380274
80.796	-0.021027744
80.8	-0.007233075
80.804	-0.001040768
80.808	0.016719017
80.812	0.001354232
80.816	-0.006658794
80.82	0.011984982
80.824	-0.010124838
80.828	-0.013370116
80.832	0.009719888
80.836	0.016146429
80.84	-0.022952803
80.844	0.002921245
80.848	0.017077892
80.852	-0.008567509
80.856	-0.003302681
80.86	0.010246892
80.864	0.001871274
80.868	-0.040418634
80.872	0.009641786
80.876	0.050922574
80.88	-0.012151056
80.884	-0.041713931
80.888	0.021899824
80.892	0.02069171
80.896	-0.029206671
80.9	-0.002473971
80.904	0.006338864
80.908	0.020772911
80.912	-0.003679078
80.916	-0.026283513
80.92	0.015830461
80.924	-0.002945756
80.928	0.016193445
80.932	-0.029972308
80.936	0.015122813
80.94	0.022835389
80.944	-0.047643864
80.948	0.020086598
80.952	0.033018115
80.956	-0.010609436
80.96	-0.047143897
80.964	-0.002836753
80.968	0.069791541
80.972	-0.013979453
80.976	-0.039371714
80.98	-0.003328489
80.984	0.011202146
80.988	0.031044823
80.992	0.001558125
80.996	-0.021243631
81	-0.038289155
81.004	0.010801069
81.008	0.048220152
81.012	0.000454936
81.016	-0.016939834
81.02	-0.032499475
81.024	0.024318345
81.028	0.029130575
81.032	-0.056641187
81.036	0.013097188
81.04	0.056024062
81.044	-0.036764526
81.048	-0.036415021
81.052	0.034729483
81.056	0.01565203
81.06	-0.016586232
81.064	-0.002410444
81.068	0.001410373
81.072	-0.011023158
81.076	0.011994876
81.08	0.008369673
81.084	-0.009530913
81.088	0.009398376
81.092	-0.0186814
81.096	-0.008022046
81.1	0.023956922
81.104	0.005460422
81.108	0.00376931
81.112	-0.017217717
81.116	-0.029126383
81.12	0.018693855
81.124	0.04230699
81.128	-0.004539602
81.132	-0.042141099
81.136	-0.015079851
81.14	0.030474489
81.144	0.018084879
81.148	-0.001151198
81.152	-0.01021309
81.156	-0.016780472
81.16	0.003082643
81.164	-0.006723666
81.168	0.012492758
81.172	0.03001515
81.176	-0.021843153
81.18	-0.018309889
81.184	0.014841544
81.188	-0.010335486
81.192	-0.002324634
81.196	0.026224992
81.2	-0.008412305
81.204	-0.019858561
81.208	0.016268936
81.212	-0.003585446
81.216	-0.008166402
81.22	0.011922214
81.224	-0.001613182
81.228	-0.000795683
81.232	-0.002548444
81.236	0.001399839
81.24	0.008063815
81.244	-0.012507006
81.248	-0.015715494
81.252	0.004432346
81.256	0.039362128
81.26	0.020915635
81.264	-0.044194453
81.268	-0.056595593
81.272	-0.012920541
81.276	0.087820064
81.28	0.114851838
81.284	-0.09744169
81.288	-0.124609351
81.292	0.063925383
81.296	-0.022759506
81.3	-0.045914471
81.304	0.142583792
81.308	0.158685147
81.312	-0.095789944
81.316	-0.280909112
81.32	-0.020025284
81.324	0.17405234
81.328	0.148784485
81.332	-0.038610368
81.336	-0.174984782
81.34	0.019690757
81.344	0.126383527
81.348	-0.011736166
81.352	-0.105830386
81.356	-0.00430984
81.36	0.063807399
81.364	-0.005694289
81.368	-0.004800128
81.372	0.031229214
81.376	0.005507217
81.38	-0.04083414
81.384	-0.045991791
81.388	0.027979916
81.392	0.052734864
81.396	-0.011252452
81.4	-0.021276733
81.404	0.017546829
81.408	-0.01639528
81.412	-0.033290048
81.416	0.021211512
81.42	0.039333769
81.424	0.006820476
81.428	-0.033921434
81.432	-0.017023144
81.436	0.011554578
81.44	-0.001629425
81.444	0.008558071
81.448	0.016261744
81.452	-0.002269591
81.456	-0.014842983
81.46	-0.014187451
81.464	0.004947077
81.468	0.016230671
81.472	0.006910027
81.476	-0.008297349
81.48	-0.015904369
81.484	0.012689479
81.488	0.009557055
81.492	-0.023032512
81.496	0.002072619
81.5	0.022231449
81.504	0.004185542
81.508	-0.016944763
81.512	-0.028282578
81.516	0.027747688
81.52	0.040682153
81.524	-0.040025654
81.528	-0.028396222
81.532	0.022142059
81.536	0.017588121
81.54	0.001031618
81.544	-0.017090843
81.548	0.005804397
81.552	0.012563973
81.556	-0.01900484
81.56	-0.01262795
81.564	0.01567567
81.568	0.021955077
81.572	-0.007333974
81.576	-0.024151594
81.58	-0.001971607
81.584	0.008904982
81.588	0.012436891
81.592	0.028787024
81.596	0.008851236
81.6	-0.109035593
81.604	-0.054462986
81.608	0.193374978
81.612	0.070350119
81.616	-0.210982035
81.62	-0.029161827
81.624	0.141915342
81.628	0.00975632
81.632	-0.090040633
81.636	-0.022067608
81.64	0.078709857
81.644	0.044133964
81.648	-0.085432324
81.652	-0.02827397
81.656	0.047280447
81.66	0.021381005
81.664	-0.004333095
81.668	-0.020471576
81.672	-0.007015125
81.676	0.006415122
81.68	-0.01058263
81.684	-0.012795386
81.688	0.040476092
81.692	0.077090267
81.696	-0.049931697
81.7	-0.157943062
81.704	0.002947374
81.708	0.173844242
81.712	0.078652992
81.716	-0.10828594
81.72	-0.119566065
81.724	0.014347163
81.728	0.108038865
81.732	0.023789452
81.736	-0.05170742
81.74	-0.029582885
81.744	0.00233774
81.748	0.033635509
81.752	0.005813476
81.756	-0.021057156
81.76	-0.002280966
81.764	0.008704384
81.768	0.004415097
81.772	-0.011894201
81.776	0.000344929
81.78	0.002656492
81.784	0.001258545
81.788	0.016710681
81.792	-0.013450852
81.796	-0.022425292
81.8	0.013594421
81.804	0.022401967
81.808	-0.0042688
81.812	-0.021568946
81.816	0.004124649
81.82	0.015628982
81.824	-0.016102904
81.828	-0.009833751
81.832	0.024895266
81.836	0.013126106
81.84	-0.024401231
81.844	-0.019430852
81.848	0.019502608
81.852	0.021886932
81.856	-0.01095233
81.86	-0.024151816
81.864	-0.001745608
81.868	0.024600512
81.872	0.011670199
81.876	-0.017202752
81.88	-0.015518659
81.884	0.011395278
81.888	0.011578579
81.892	-0.009676141
81.896	-0.006187514
81.9	0.009543201
81.904	9.71263E-05
81.908	-0.005414195
81.912	0.001840834
81.916	-0.000835036
81.92	0.003556336
81.924	0.000759397
81.928	-0.005599803
81.932	0.00584428
81.936	0.002333644
81.94	-0.012914946
81.944	0.000604016
81.948	0.011546662
81.952	-0.005369919
81.956	0.00540163
81.96	0.002982728
81.964	-0.016415014
81.968	-0.002962357
81.972	0.017534214
81.976	0.008440265
81.98	-0.012948264
81.984	-0.0114973
81.988	-0.00025678
81.992	0.005822516
81.996	0.020767145
