
61.344	0.107736021
61.348	0.085761746
61.352	0.006781744
61.356	-0.067898945
61.36	-0.081593058
61.364	-0.00691237
61.368	0.095315779
61.372	0.09372344
61.376	-0.009141644
61.38	-0.006275434
61.384	0.036717712
61.388	0.03990239
61.392	0.003278598
61.396	-0.061051888
61.4	-0.084459268
61.404	-0.081433824
61.408	-0.119172253
61.412	-0.051179388
61.416	0.066972149
61.42	0.109487594
61.424	0.097545053
61.428	0.057736584
61.432	-0.029682814
61.436	-0.065828904
61.44	-0.021880354
61.444	0.010125655
61.448	-0.037644508
61.452	-0.057230275
61.456	0.019520454
61.46	0.090379529
61.464	0.081940133
61.468	0.004234001
61.472	-0.039714548
61.476	-0.010097047
61.48	0.046430979
61.484	-0.010415515
61.488	-0.103567333
61.492	-0.050542452
61.496	0.019042752
61.5	0.002323195
61.504	-0.035415234
61.508	0.001049324
61.512	0.058373519
61.516	0.064265173
61.52	-0.034141363
61.524	-0.153726004
61.528	-0.143853504
61.532	0.025571341
61.536	0.143245176
61.54	0.175251185
61.544	0.115697715
61.548	0.041813196
61.552	-0.027612774
61.556	-0.097197978
61.56	-0.088917816
61.564	0.017291179
61.568	0.074774609
61.572	0.097385819
61.576	0.027959849
61.58	-0.10675201
61.584	-0.113280599
61.588	-0.047835476
61.592	-0.027612774
61.596	-0.055956404
61.6	-0.068217412
61.604	9.39207E-05
61.608	0.082099367
61.612	0.091175698
61.616	-0.006275434
61.62	-0.026657371
61.624	0.101844368
61.628	0.14260824
61.632	0.069679125
61.636	-0.016147935
61.64	-0.08700701
61.644	-0.087962413
61.648	-0.103726567
61.652	-0.125541608
61.656	-0.099586486
61.66	-0.043217694
61.664	0.04977489
61.668	0.151366103
61.672	0.168404128
61.676	0.066972149
61.68	-0.067262009
61.684	-0.106433543
61.688	-0.017103338
61.692	0.114742312
61.696	0.076526181
61.7	0.009011018
61.704	0.009807187
61.708	0.029552188
61.712	-0.049587049
61.716	-0.097834913
61.72	-0.065032735
61.724	-0.051179388
61.728	0.057736584
61.732	0.133213441
61.736	-0.01965108
61.74	-0.175381811
61.744	-0.121879229
61.748	-0.01471483
61.752	0.046430979
61.756	0.031940696
61.76	-0.038440677
61.764	-0.053408662
61.768	0.067927552
61.772	0.154550781
61.776	0.169200297
61.78	0.139264329
61.784	0.026685978
61.788	-0.077612211
61.792	-0.121879229
61.796	-0.08127459
61.8	0.048182551
61.804	0.121270901
61.808	0.1015259
61.812	0.058373519
61.816	-0.06566967
61.82	-0.125860076
61.824	-0.092420962
61.828	-0.143375802
61.832	-0.116465277
61.836	-0.065828904
61.84	-0.107707414
61.844	-0.072835195
61.848	-0.015192531
61.852	-0.019491846
61.856	-0.046720839
61.86	0.080666262
61.864	0.167130257
61.868	0.290536511
61.872	0.235600824
61.876	-0.022835757
61.88	-0.085733139
61.884	0.042290898
61.888	0.079710859
61.892	0.095315779
61.896	-0.019332612
61.9	-0.148152818
61.904	-0.115669107
61.908	-0.07840838
61.912	-0.125541608
61.916	-0.086688542
61.92	-0.004205394
61.924	0.070475294
61.928	0.090697996
61.932	0.026049043
61.936	0.028119083
61.94	0.058532753
61.944	0.044520172
61.948	-0.004364628
61.952	0.015380373
61.956	0.042290898
61.96	0.026526744
61.964	-0.021243419
61.968	-0.035892935
61.972	0.031462994
61.976	0.005985574
61.98	-0.11248443
61.984	-0.126497011
61.988	-0.072835195
61.992	-0.064236565
61.996	-0.183025037
62	-0.246081652
62.004	-0.0742683
62.008	0.230983042
62.012	0.338306674
62.016	0.219040501
62.02	0.076685415
62.024	0.069519891
62.028	0.06744985
62.032	0.007418679
62.036	-0.034619064
62.04	-0.083344631
62.044	-0.167738585
62.048	-0.066147372
62.052	0.235600824
62.056	0.023660534
62.06	-0.427926739
62.064	-0.132866366
62.068	0.232097679
62.072	0.58336761
62.076	-0.040351484
62.08	-0.558816986
62.084	-0.076019872
62.088	0.005348639
62.092	-0.022358056
62.096	0.247065663
62.1	0.266492196
62.104	0.044679406
62.108	-0.043854629
62.112	-0.015192531
62.116	-0.040510718
62.12	-0.099586486
62.124	-0.119172253
62.128	-0.130477858
62.132	-0.11535064
62.136	-0.051338621
62.14	0.031144527
62.144	0.088468722
62.148	0.073659972
62.152	-0.023950395
62.156	-0.094491002
62.16	-0.033504427
62.164	0.082736303
62.168	0.166493322
62.172	0.143245176
62.176	0.062035899
62.18	0.048501019
62.184	0.08098473
62.188	0.062832068
62.192	-0.028408943
62.196	-0.124108503
62.2	-0.147834351
62.204	-0.111529027
62.208	-0.125860076
62.212	0.034010736
62.216	0.197703161
62.22	0.112831505
62.224	0.011717994
62.228	-0.047357774
62.232	-0.187802053
62.236	-0.26200504
62.24	-0.211687135
62.244	-0.081752292
62.248	0.181142838
62.252	0.254549655
62.256	0.127321788
62.26	0.04977489
62.264	0.052322632
62.268	0.055029608
62.272	-0.003249991
62.276	-0.042580758
62.28	-0.035415234
62.284	-0.071720558
62.288	-0.131751729
62.292	-0.059618783
62.296	0.09085723
62.3	0.139582796
62.304	-0.032071322
62.308	-0.112802898
62.312	0.023501301
62.316	0.099615093
62.32	0.123181707
62.324	0.185123685
62.328	0.1113984
62.332	-0.100223421
62.336	-0.194171409
62.34	-0.108822051
62.344	0.015539607
62.348	0.059169689
62.352	0.036399245
62.356	-0.038440677
62.36	-0.099427252
62.364	-0.072994429
62.368	-0.029842048
62.372	-0.044332331
62.376	-0.023154225
62.38	0.061876665
62.384	0.113946142
62.388	0.051685697
62.392	-0.093376365
62.396	-0.199426126
62.4	-0.190349796
62.404	-0.100701123
62.408	0.025571341
62.412	0.133213441
62.416	0.228753767
62.42	0.245632558
62.424	0.132417272
62.428	0.01442497
62.432	-0.016944104
62.436	-0.009619346
62.44	0.020475857
62.444	-0.00197612
62.448	-0.082229993
62.452	-0.100223421
62.456	-0.053567896
62.46	-0.054204831
62.464	-0.048790879
62.468	0.033373801
62.472	0.069042189
62.476	0.008851784
62.48	-0.017262572
62.484	0.021590494
62.488	0.032577632
62.492	-0.013281725
62.496	-0.044650799
62.5	-0.02745354
62.504	0.041017027
62.508	0.120474731
62.512	0.02143126
62.516	-0.187324352
62.52	-0.170604795
62.524	-0.029842048
62.528	0.025889809
62.532	0.021590494
62.536	0.035921543
62.54	0.076844649
62.544	0.036717712
62.548	-0.02952358
62.552	0.005667106
62.556	0.102322069
62.56	0.104073642
62.564	-0.257705725
62.568	-0.289870968
62.572	0.120952433
62.576	0.508527688
62.58	0.578909062
62.584	0.222384412
62.588	-0.115191406
62.592	-0.487798677
62.596	-0.728401064
62.6	-0.480155451
62.604	-0.011052451
62.608	0.273816954
62.612	0.274931591
62.616	0.123340941
62.62	0.035443841
62.624	0.020157389
62.628	0.146589087
62.632	0.157416991
62.636	-0.078726848
62.64	-0.17490411
62.644	-0.097357212
62.648	-0.018377209
62.652	0.075570778
62.656	0.096111948
62.66	0.038150817
62.664	0.086876383
62.668	0.13480578
62.672	0.052959568
62.676	-0.046083903
62.68	-0.192419836
62.684	-0.225062781
62.688	-0.089554752
62.692	0.017131945
62.696	0.078277754
62.7	0.015698841
62.704	-0.072675961
62.708	-0.056911807
62.712	0.027641381
62.716	0.10439211
62.72	0.044360938
62.724	0.038628519
62.728	0.051367229
62.732	0.013788034
62.736	0.00296013
62.74	-0.010256281
62.744	-0.062166525
62.748	-0.016625636
62.752	0.100729731
62.756	0.084806343
62.76	-0.04592467
62.764	-0.149267455
62.768	-0.117739148
62.772	-0.017262572
62.776	0.030348357
62.78	0.10439211
62.784	0.102799771
62.788	-0.039077613
62.792	-0.094172534
62.796	-0.029205113
62.8	0.056781181
62.804	0.112353804
62.808	0.061876665
62.812	-0.030638217
62.816	-0.022358056
62.82	-0.003886926
62.824	-0.05372713
62.828	-0.053249428
62.832	0.002800897
62.836	0.020794325
62.84	-0.025224266
62.844	-0.033504427
62.848	-0.041306887
62.852	-0.066625074
62.856	0.004552469
62.86	0.064742875
62.864	0.094997311
62.868	0.043564769
62.872	-0.010415515
62.876	0.030985293
62.88	-0.028408943
62.884	-0.018536443
62.888	0.136716587
62.892	0.067290617
62.896	-0.068695114
62.9	0.0136288
62.904	0.121748602
62.908	0.067927552
62.912	-0.243374676
62.916	-0.435569965
62.92	-0.159139956
62.924	0.404229499
62.928	0.094838077
62.932	-0.258820362
62.936	0.076685415
62.94	0.035284607
62.944	-0.095127937
62.948	0.150251466
62.952	0.180187435
62.956	-0.008345475
62.96	-0.034141363
62.964	0.005507873
62.968	-0.053090194
62.972	-0.137165681
62.976	-0.00977858
62.98	0.162671709
62.984	0.143563643
62.988	0.043087067
62.992	-0.033504427
62.996	-0.064873501
63	-0.067262009
63.004	-0.020924951
63.008	0.060284326
63.012	0.054074205
63.016	-0.022198822
63.02	-0.067739711
63.024	-0.055160234
63.028	-0.105000438
63.032	-0.169330924
63.036	-0.132388664
63.04	0.009170252
63.044	0.163467878
63.048	0.157735458
63.052	0.028437551
63.056	-0.015670233
63.06	0.006463276
63.064	0.036240011
63.068	0.079392391
63.072	0.092927271
63.076	0.067927552
63.08	0.040220858
63.084	0.090220295
63.088	0.118086223
63.092	0.087035617
63.096	0.000730856
63.1	-0.17984036
63.104	-0.306272058
63.108	-0.196241449
63.112	-0.044810032
63.116	-0.034619064
63.12	-0.065032735
63.124	-0.048950113
63.128	-0.033504427
63.132	-0.061848057
63.136	-0.053567896
63.14	0.024456704
63.144	0.094997311
63.148	0.07318227
63.152	0.087354085
63.156	0.178913564
63.16	0.163627112
63.164	0.009807187
63.168	-0.149585923
63.172	-0.176655682
63.176	-0.031115919
63.18	0.1015259
63.184	0.12779949
63.188	0.121430135
63.192	0.115856949
63.196	0.057099648
63.2	0.000253155
63.204	-0.004364628
63.208	0.016654244
63.212	-0.005160797
63.216	0.001208558
63.22	-0.024268862
63.224	-0.009300878
63.228	0.007896381
63.232	-0.022676524
63.236	-0.098631083
63.24	-0.159458423
63.244	-0.167738585
63.248	-0.108662817
63.252	0.011717994
63.256	0.059806624
63.26	-0.015670233
63.264	-0.100701123
63.268	-0.099427252
63.272	-0.034141363
63.276	0.013151099
63.28	0.039424688
63.284	0.074456141
63.288	0.190696871
63.292	0.246747195
63.296	0.13974203
63.3	-0.062962694
63.304	-0.155955278
63.308	-0.117898382
63.312	-0.066943541
63.316	-0.011052451
63.32	0.084010174
63.324	0.102481303
63.328	0.025093639
63.332	0.033055333
63.336	0.058373519
63.34	0.012991865
63.344	-0.062007291
63.348	-0.063440396
63.352	0.03496614
63.356	0.054870374
63.36	-0.000861483
63.364	-0.021402653
63.368	-0.035892935
63.372	-0.039236847
63.376	-0.028249709
63.38	-0.016466402
63.384	0.031940696
63.388	0.080347794
63.392	-0.004523862
63.396	-0.102930397
63.4	-0.10754818
63.404	-0.047676242
63.408	0.035125374
63.412	0.070634528
63.416	0.036399245
63.42	-0.044332331
63.424	-0.023472693
63.428	0.015061905
63.432	0.010284889
63.436	0.038946987
63.44	0.035762309
63.444	-0.144012737
63.448	-0.327131695
63.452	-0.127930116
63.456	0.263944454
63.46	0.417127443
63.464	0.315854698
63.468	0.010921824
63.472	-0.318055364
63.476	-0.275062218
63.48	-0.024268862
63.484	0.099933561
63.488	0.121907836
63.492	0.026526744
63.496	-0.084459268
63.5	-0.08621084
63.504	-0.056593339
63.508	0.059169689
63.512	0.175728886
63.516	0.238626268
63.52	0.211397275
63.524	0.102162836
63.528	-0.008823176
63.532	-0.083981566
63.536	-0.137324915
63.54	-0.114713704
63.544	-0.130796326
63.548	-0.217419555
63.552	-0.172356367
63.556	-0.118057616
63.56	-0.101178825
63.564	-0.096561042
63.568	-0.002613055
63.572	0.077163117
63.576	0.083532472
63.58	0.104232876
63.584	0.102481303
63.588	0.100888964
63.592	0.09945586
63.596	0.095634247
63.6	0.091494166
63.604	0.019838921
63.608	-0.016147935
63.612	-0.021084185
63.616	-0.042580758
63.62	-0.018058741
63.624	0.014584203
63.628	0.00662251
63.632	0.021272026
63.636	-0.000543015
63.64	-0.066306606
63.644	-0.069650517
63.648	-0.069650517
63.652	-0.050383218
63.656	0.024934405
63.66	0.027004446
63.664	-0.036529871
63.668	-0.021243419
63.672	0.001527026
63.676	-0.004842329
63.68	-0.011370918
63.684	-0.024428096
63.688	-0.024268862
63.692	0.069997592
63.696	0.168404128
63.7	0.112831505
63.704	0.00296013
63.708	-0.048631645
63.712	-0.077771445
63.716	-0.06359963
63.72	0.001208558
63.724	0.017291179
63.728	0.000253155
63.732	-0.04799471
63.736	-0.098471849
63.74	-0.041625355
63.744	0.026208276
63.748	0.017609647
63.752	-0.004523862
63.756	0.19642929
63.76	0.582889908
63.764	0.132098804
63.768	-0.562001663
63.772	-0.488913314
63.776	0.201206307
63.78	0.117290054
63.784	-0.238119958
63.788	0.167130257
63.792	0.259804373
63.796	-0.076816042
63.8	-0.03732604
63.804	0.016017308
63.808	-0.10675201
63.812	-0.01471483
63.816	0.050252592
63.82	-0.118057616
63.824	-0.12522314
63.828	0.049934124
63.832	0.108850658
63.836	0.067131383
63.84	0.064265173
63.844	0.043883237
63.848	-0.022198822
63.852	-0.072835195
63.856	-0.04226229
63.86	0.034488438
63.864	-0.056752573
63.868	-0.208980159
63.872	-0.172356367
63.876	-0.017421806
63.88	0.053437269
63.884	0.03130376
63.888	0.018883518
63.892	0.067609084
63.896	0.083373238
63.9	0.086557916
63.904	0.082895536
63.908	0.035443841
63.912	0.022705131
63.916	0.047227148
63.92	0.02143126
63.924	-0.010733983
63.928	-0.005001563
63.932	-0.024905798
63.936	-0.037166806
63.94	-0.023472693
63.944	-0.048950113
63.948	-0.06646584
63.952	-0.030638217
63.956	0.018087349
63.96	0.031781462
63.964	0.032736865
63.968	0.031622228
63.972	0.014584203
63.976	0.004234001
63.98	0.002004727
63.984	0.025093639
63.988	0.089901827
63.992	0.11920086
63.996	0.088627956
64	-0.026338903
64.004	-0.035892935
64.008	0.101207432
64.012	-0.104045034
64.016	-0.26407508
64.02	0.037991583
64.024	0.171907273
64.028	-0.031593621
64.032	-0.196878384
64.036	-0.235253749
64.04	-0.168375521
64.044	-0.045606202
64.048	0.023819768
64.052	0.038469285
64.056	-0.013440959
64.06	-0.028886645
64.064	0.065061342
64.068	0.116971586
64.072	0.091494166
64.076	0.092608803
64.08	0.087035617
64.084	0.064583641
64.088	0.080029327
64.092	0.065857512
64.096	0.012514163
64.1	-0.034141363
64.104	-0.073631364
64.108	-0.068058178
64.112	-0.017262572
64.116	-0.078089913
64.12	-0.239712297
64.124	-0.197037618
64.128	0.062672834
64.132	0.22063284
64.136	0.177321225
64.14	0.094041908
64.144	0.082736303
64.148	0.108532191
64.152	0.038469285
64.156	-0.053090194
64.16	-0.027294306
64.164	-0.005479265
64.168	-0.019969548
64.172	-0.008823176
64.176	0.019998155
64.18	0.017609647
64.184	-0.062007291
64.188	-0.189553626
64.192	-0.200859231
64.196	-0.052134791
64.2	0.067290617
64.204	0.074933843
64.208	0.064742875
64.212	0.068086786
64.216	0.002641663
64.22	-0.072516727
64.224	-0.06359963
64.228	-0.031912088
64.232	-0.02952358
64.236	-0.004364628
64.24	0.052481866
64.244	0.069997592
64.248	0.011877228
64.252	-0.024905798
64.256	-0.039396081
64.26	-0.000861483
64.264	0.056781181
64.268	-0.055956404
64.272	-0.133184834
64.276	-0.028568177
64.28	0.097704287
64.284	0.249931873
64.288	0.177480459
64.292	-0.091784026
64.296	-0.163120803
64.3	-0.072994429
64.304	0.060125092
64.308	0.179550499
64.312	0.091812634
64.316	-0.112643664
64.32	-0.229043627
64.324	-0.056593339
64.328	0.259963607
64.332	0.299453608
64.336	0.069519891
64.34	-0.152133665
64.344	-0.226973587
64.348	-0.168375521
64.352	-0.110573623
64.356	-0.023791161
64.36	0.115538481
64.364	0.149296063
64.368	-0.003886926
64.372	-0.039714548
64.376	0.024775172
64.38	0.00089009
64.384	-0.005797733
64.388	-0.048153944
64.392	-0.131751729
64.396	-0.128567051
64.4	-0.016307169
64.404	0.07891469
64.408	0.033851503
64.412	-0.010733983
64.416	-0.004205394
64.42	0.032896099
64.424	0.061876665
64.428	0.055029608
64.432	0.042927833
64.436	0.01936122
64.44	0.062354366
64.444	0.132576506
64.448	0.082099367
64.452	-0.08207076
64.456	-0.140509592
64.46	-0.048631645
64.464	0.043246301
64.468	0.051207995
64.472	-0.002772289
64.476	-0.074427533
64.48	-0.137802616
64.484	-0.160413827
64.488	-0.048153944
64.492	0.060921262
64.496	0.057099648
64.5	0.025730575
64.504	0.0136288
64.508	0.036717712
64.512	0.061398963
64.516	0.080029327
64.52	0.062672834
64.524	0.004552469
64.528	0.015858074
64.532	-0.001498418
64.536	-0.084300034
64.54	-0.072039025
64.544	0.012354929
64.548	0.03910622
64.552	0.084647109
64.556	0.102162836
64.56	0.039265454
64.564	-0.033026726
64.568	-0.094491002
64.572	-0.120127656
64.576	-0.093057897
64.58	-0.069172816
64.584	-0.065351203
64.588	-0.034937532
64.592	0.009170252
64.596	0.034010736
64.6	0.066016746
64.604	0.050252592
64.608	0.12413711
64.612	0.176047354
64.616	0.06330977
64.62	-0.105637373
64.624	0.11219457
64.628	0.072545334
64.632	-0.263597379
64.636	-0.199744594
64.64	-0.064236565
64.644	-0.190509029
64.648	-0.053567896
64.652	0.181461306
64.656	0.098022755
64.66	0.004074768
64.664	0.053914971
64.668	0.077322351
64.672	0.120633965
64.676	0.138308925
64.68	0.092290335
64.684	0.080029327
64.688	0.035603075
64.692	-0.069968985
64.696	-0.12522314
64.7	-0.141942697
64.704	-0.113280599
64.708	-0.086370074
64.712	-0.063758864
64.716	-0.051179388
64.72	-0.065191969
64.724	-0.03445983
64.728	0.046430979
64.732	0.108850658
64.736	0.111716868
64.74	0.066494447
64.744	-0.069968985
64.748	-0.109140519
64.752	-0.026498137
64.756	0.065061342
64.76	0.178913564
64.764	0.140856667
64.768	-0.013600193
64.772	-0.089236284
64.776	-0.10181576
64.78	-0.094331768
64.784	-0.062644227
64.788	-0.166623948
64.792	-0.304520485
64.796	-0.206750885
64.8	0.188786064
64.804	0.603271845
64.808	0.704226122
64.812	0.427477645
64.816	-0.01678487
64.82	-0.325380123
64.824	-0.386844399
64.828	-0.233979878
64.832	-0.014555596
64.836	0.05550731
64.84	-0.05086092
64.844	-0.220444998
64.848	-0.240826934
64.852	-0.103248865
64.856	0.038946987
64.86	0.077959286
64.864	0.094360376
64.868	0.099137392
64.872	0.06744985
64.876	0.078755456
64.88	0.093564206
64.884	0.066653681
64.888	-0.007549305
64.892	-0.104363502
64.896	-0.096561042
64.9	-0.037007573
64.904	-0.033504427
64.908	-0.022994991
64.912	0.046430979
64.916	0.044201704
64.92	-0.047676242
64.924	-0.030956685
64.928	0.010284889
64.932	-0.006593902
64.936	0.018087349
64.94	0.026526744
64.944	0.00582634
64.948	0.052481866
64.952	0.081462432
64.956	0.074456141
64.96	0.105506747
64.964	0.10646215
64.968	0.017768881
64.972	-0.079523018
64.976	-0.144968141
64.98	-0.164394674
64.984	-0.133981003
64.988	-0.089713986
64.992	-0.015033298
64.996	0.082736303
65	0.130506466
65.004	0.085284045
65.008	0.02429747
65.012	0.003278598
65.016	-0.014555596
65.02	-0.039555315
65.024	-0.120923825
65.028	-0.212483304
65.032	-0.102452696
65.036	0.23257538
65.04	0.310918448
65.044	0.112513037
65.048	-0.004205394
65.052	-0.068376646
65.056	-0.123949269
65.06	-0.115987575
65.064	-0.06566967
65.068	0.016972712
65.072	0.067290617
65.076	0.074615375
65.08	0.058373519
65.084	0.005030171
65.088	-0.045765436
65.092	-0.054204831
65.096	-0.041625355
65.1	-0.021880354
65.104	-0.012007854
65.108	0.006463276
65.112	0.045157108
65.116	0.065698278
65.12	0.035762309
65.124	-0.056274872
65.128	-0.124267737
65.132	-0.062166525
65.136	0.047227148
65.14	0.07891469
65.144	0.137353522
65.148	0.15614312
65.152	0.039743156
65.156	-0.044810032
65.16	-0.011052451
65.164	0.017450413
65.168	-0.215031046
65.172	-0.347672865
65.176	-0.090669389
65.18	0.079870093
65.184	0.110124529
65.188	0.136079651
65.192	-0.010097047
65.196	-0.099586486
65.2	-0.000702249
65.204	0.090220295
65.208	0.127321788
65.212	0.031781462
65.216	-0.106115075
65.22	-0.026020435
65.224	0.103914408
65.228	0.11920086
65.232	0.163786346
65.236	0.151366103
65.24	0.083214004
65.244	0.02716368
65.248	-0.074746001
65.252	-0.107229712
65.256	-0.080796889
65.26	-0.056274872
65.264	-0.039873782
65.268	-0.067421243
65.272	-0.154999875
65.276	-0.20038153
65.28	-0.178566489
65.284	-0.189872094
65.288	-0.106115075
65.292	0.025571341
65.296	0.079551625
65.3	0.156939289
65.304	0.216333525
65.308	0.245951026
65.312	0.170633402
65.316	-0.013281725
65.32	-0.051020154
65.324	0.003119364
65.328	-0.02745354
65.332	0.005030171
65.336	0.01076259
65.34	-0.002294587
65.344	-0.039236847
65.348	-0.188916691
65.352	-0.229043627
65.356	-0.091624792
65.36	-0.008663942
65.364	0.020635091
65.368	0.085443278
65.372	0.072704568
65.376	0.095156545
65.38	0.148977595
65.384	0.166971023
65.388	0.145792918
65.392	0.059965858
65.396	0.032259164
65.4	0.042609366
65.404	-0.028727411
65.408	-0.130796326
65.412	-0.138121084
65.416	-0.060574186
65.42	-0.051816323
65.424	-0.088121647
65.428	-0.064395799
65.432	-0.011211685
65.436	0.013947268
65.44	-0.00691237
65.444	-0.035415234
65.448	-0.002135354
65.452	0.059169689
65.456	0.020794325
65.46	-0.012963257
65.464	0.023501301
65.468	0.05964739
65.472	0.084169407
65.476	0.208849533
65.48	0.25677893
65.484	-0.020765717
65.488	-0.080796889
65.492	-0.091784026
65.496	-0.33923347
65.5	-0.53190646
65.504	0.14754449
65.508	0.434165468
65.512	-0.120923825
65.516	-0.048472412
65.52	0.149455297
65.524	-0.159936125
65.528	-0.111688261
65.532	0.076526181
65.536	-0.007708539
65.54	0.008851784
65.544	0.079710859
65.548	0.018246583
65.552	-0.010893217
65.556	0.075411544
65.56	0.115856949
65.564	0.035443841
65.568	-0.050383218
65.572	-0.061370356
65.576	-0.072994429
65.58	-0.064555033
65.584	0.006304042
65.588	0.03496614
65.592	0.027004446
65.596	0.047864084
65.6	0.035284607
65.604	-0.015829467
65.608	-0.054682533
65.612	-0.02172112
65.616	-0.017421806
65.62	-0.091784026
65.624	-0.124267737
65.628	-0.037485274
65.632	0.074137673
65.636	0.102162836
65.64	0.087354085
65.644	0.103118239
65.648	0.10932836
65.652	0.115856949
65.656	0.114901546
65.66	0.021908962
65.664	-0.103408099
65.668	-0.164394674
65.672	-0.147675117
65.676	-0.093535599
65.68	-0.016944104
65.684	0.053596503
65.688	0.065061342
65.692	0.037513882
65.696	0.002163961
65.7	0.015698841
65.704	0.040857793
65.708	0.000730856
65.712	-0.009460112
65.716	0.002004727
65.72	0.01649501
65.724	0.05550731
65.728	0.002004727
65.732	-0.097994147
65.736	-0.133662536
65.74	-0.123949269
65.744	-0.106592777
65.748	-0.037485274
65.752	0.085443278
65.756	0.095156545
65.76	0.0136288
65.764	-0.018058741
65.768	-0.031912088
65.772	0.016335776
65.776	0.125410981
65.78	0.096271182
65.784	0.00869255
65.788	-0.012326322
65.792	-0.023791161
65.796	-0.005638499
65.8	-0.004523862
65.804	-0.077612211
65.808	-0.108344349
65.812	-0.023472693
65.816	0.053914971
65.82	0.081143964
65.824	0.134009611
65.828	0.181939008
65.832	0.152799208
65.836	0.059010455
65.84	-0.073312896
65.844	-0.125541608
65.848	-0.132707132
65.852	-0.210094796
65.856	-0.247673991
65.86	-0.149745157
65.864	0.025412107
65.868	0.215855823
65.872	0.222543646
65.876	0.042290898
65.88	-0.077612211
65.884	-0.05006475
65.888	0.025889809
65.892	0.102481303
65.896	0.071589931
65.9	-0.010733983
65.904	-0.054841767
65.908	-0.257387257
65.912	-0.100541889
65.916	0.163627112
65.92	0.084169407
65.924	-0.044173097
65.928	-0.059141081
65.932	-0.016944104
65.936	0.066812915
65.94	0.130506466
65.944	0.145315216
65.948	0.102640537
65.952	-0.016307169
65.956	-0.069650517
65.96	-0.018058741
65.964	-0.021243419
65.968	-0.040351484
65.972	-0.037644508
65.976	-0.033345193
65.98	-0.029842048
65.984	-6.53132E-05
65.988	0.062195133
65.992	0.042927833
65.996	-0.016944104
66	0.030507591
66.004	0.064424407
66.008	-0.064395799
66.012	-0.126178543
66.016	-0.019810314
66.02	0.032896099
66.024	0.07318227
66.028	0.128117957
66.032	-0.047357774
66.036	-0.288437863
66.04	-0.279202299
66.044	-0.134140237
66.048	0.04770485
66.052	0.233053082
66.056	0.199613968
66.06	-0.085414671
66.064	-0.196878384
66.068	0.027800615
66.072	0.162512475
66.076	0.134646546
66.08	0.119837796
66.084	0.041017027
66.088	-0.057548743
66.092	-0.053886363
66.096	-0.004205394
66.1	0.077481585
66.104	0.176843524
66.108	0.175410419
66.112	0.070156826
66.116	0.025412107
66.12	0.03416997
66.124	-0.014077894
66.128	-0.108025881
66.132	-0.226177418
66.136	-0.236368386
66.14	-0.265985887
66.144	-0.205795482
66.148	-0.039555315
66.152	0.070475294
66.156	0.058691987
66.16	-0.046880073
66.164	-0.043376928
66.168	0.041176261
66.172	0.070952996
66.176	0.103914408
66.18	0.111079933
66.184	0.041653962
66.188	-0.026816604
66.192	0.028119083
66.196	0.107576787
66.2	0.086239448
66.204	0.041176261
66.208	0.052959568
66.212	0.068882955
66.216	0.032418398
66.22	-0.022039588
66.224	-0.036529871
66.228	-0.038440677
66.232	-0.031115919
66.236	0.019520454
66.24	0.045475575
66.244	0.025730575
66.248	-0.027612774
66.252	-0.070446687
66.256	-0.053567896
66.26	-0.022676524
66.264	-0.021402653
66.268	-0.046880073
66.272	-0.06359963
66.276	-0.079523018
66.28	-0.053249428
66.284	-0.010097047
66.288	-0.05866338
66.292	-0.06566967
66.296	0.019838921
66.3	0.01936122
66.304	0.002800897
66.308	0.008374082
66.312	0.003278598
66.316	0.055029608
66.32	0.059806624
66.324	0.006144808
66.328	0.049615656
66.332	0.112831505
66.336	0.038469285
66.34	-0.04592467
66.344	-0.024746564
66.348	0.12493328
66.352	0.368401877
66.356	0.292925019
66.36	-0.213597941
66.364	-0.575058841
66.368	-0.383978189
66.372	0.121270901
66.376	0.11920086
66.38	-0.096401808
66.384	0.182735177
66.388	0.202639412
66.392	-0.076816042
66.396	0.038628519
66.4	0.171429572
66.404	0.093564206
66.408	0.080029327
66.412	0.059010455
66.416	-0.028090475
66.42	-0.116624511
66.424	-0.201814635
66.428	-0.227292055
66.432	-0.133184834
66.436	-0.033345193
66.44	-0.018058741
66.444	-0.011052451
66.448	0.023182833
66.452	0.070952996
66.456	0.102162836
66.46	0.045794043
66.464	-0.007867773
66.468	0.008055615
66.472	0.006144808
66.476	0.016017308
66.48	0.043883237
66.484	0.016017308
66.488	0.004393235
66.492	0.040380091
66.496	0.019998155
66.5	-0.055001001
66.504	-0.096720276
66.508	-0.058822614
66.512	-0.009300878
66.516	0.016654244
66.52	-0.001339184
66.524	-0.008345475
66.528	0.032896099
66.532	-0.002294587
66.536	-0.019014144
66.54	0.038310051
66.544	0.046590213
66.548	0.02716368
66.552	0.043087067
66.556	0.073500738
66.56	0.062035899
66.564	0.026685978
66.568	0.00296013
66.572	-0.051179388
66.576	-0.123312334
66.58	-0.124267737
66.584	-0.034300597
66.588	0.050252592
66.592	0.035284607
66.596	-0.069968985
66.6	-0.152452133
66.604	-0.147675117
66.608	-0.056593339
66.612	0.057736584
66.616	0.151684571
66.62	0.191333806
66.624	0.155824652
66.628	0.107895255
66.632	0.046112511
66.636	-0.07060592
66.64	-0.172993303
66.644	-0.119968422
66.648	0.019679688
66.652	0.122704006
66.656	0.131143401
66.66	0.091334932
66.664	0.08592098
66.668	0.098500456
66.672	0.052800334
66.676	-0.054204831
66.68	-0.126178543
66.684	-0.105478139
66.688	-0.022835757
66.692	0.040220858
66.696	0.012354929
66.7	-0.086688542
66.704	-0.172834069
66.708	-0.229362095
66.712	-0.217419555
66.716	-0.092898663
66.72	0.031940696
66.724	0.08305477
66.728	0.121430135
66.732	0.096430416
66.736	-0.015192531
66.74	-0.065351203
66.744	-0.015670233
66.748	0.024775172
66.752	0.027322914
66.756	0.051526463
66.76	0.101844368
66.764	0.123659409
66.768	0.104073642
66.772	0.055825777
66.776	0.009647953
66.78	-0.013281725
66.784	-0.039077613
66.788	-0.029364346
66.792	0.030507591
66.796	0.101207432
66.8	0.064902108
66.804	-0.034937532
66.808	-0.087962413
66.812	-0.073949832
66.816	0.033214567
66.82	0.13560195
66.824	0.042131664
66.828	-0.137802616
66.832	-0.206273183
66.836	-0.162006166
66.84	-0.095605639
66.844	-0.004523862
66.848	0.058055052
66.852	0.075093077
66.856	0.102799771
66.86	0.125888683
66.864	0.13193957
66.868	0.079073923
66.872	-0.08700701
66.876	-0.191942134
66.88	-0.116306043
66.884	0.081780899
66.888	0.145952152
66.892	-0.035574468
66.896	-0.195763747
66.9	-0.115828341
66.904	0.025412107
66.908	0.044997874
66.912	0.036080777
66.916	-0.018695677
66.92	-0.147356649
66.924	-0.123790035
66.928	0.133531909
66.932	0.335599698
66.936	0.290218044
66.94	0.175251185
66.944	0.027322914
66.948	-0.167738585
66.952	-0.23159137
66.956	-0.141783463
66.96	-0.033345193
66.964	0.054074205
66.968	0.071749165
66.972	-0.015670233
66.976	-0.051657089
66.98	-0.020924951
66.984	0.00296013
66.988	0.048819487
66.992	0.088468722
66.996	0.066653681
67	-0.045606202
67.004	-0.103248865
67.008	-0.099904954
67.012	-0.124904672
67.016	-0.085892373
67.02	0.001686259
67.024	0.05757735
67.028	0.071271463
67.032	0.060762028
67.036	-0.028249709
67.04	-0.112643664
67.044	-0.086051606
67.048	-0.020765717
67.052	0.073659972
67.056	0.120633965
67.06	0.125729449
67.064	0.202639412
67.068	0.169677999
67.072	0.009966421
67.076	-0.097197978
67.08	-0.092580195
67.084	-0.061529589
67.088	-0.075860638
67.092	-0.095287171
67.096	-0.050383218
67.1	-0.006275434
67.104	-0.050542452
67.108	-0.044491565
67.112	0.033692269
67.116	0.053278035
67.12	0.037832349
67.124	0.004870937
67.128	-0.054682533
67.132	-0.023631927
67.136	0.069201423
67.14	0.095156545
67.144	0.068882955
67.148	0.00296013
67.152	-0.074109066
67.156	-0.039077613
67.16	0.018883518
67.164	0.008214848
67.168	0.003437832
67.172	0.021272026
67.176	0.041176261
67.18	0.032577632
67.184	-0.044173097
67.188	-0.117898382
67.192	-0.051338621
67.196	0.021908962
67.2	0.049137955
67.204	0.173499612
67.208	0.120156264
67.212	-0.147197415
67.216	0.108850658
67.22	0.249294937
67.224	-0.263438145
67.228	-0.623625173
67.232	0.06744985
67.236	0.405184902
67.24	-0.189394392
67.244	-0.160573061
67.248	0.087991021
67.252	-0.172515601
67.256	-0.003568458
67.26	0.308689173
67.264	0.122544772
67.268	0.036717712
67.272	0.144359813
67.276	0.063946705
67.28	-0.047835476
67.284	-0.026338903
67.288	-0.034778298
67.292	-0.073790598
67.296	-0.080319187
67.3	-0.118535317
67.304	-0.106592777
67.308	0.008055615
67.312	0.095475013
67.316	0.094997311
67.32	0.0136288
67.324	-0.083185397
67.328	-0.124108503
67.332	-0.07840838
67.336	-0.01678487
67.34	0.055348076
67.344	0.180505903
67.348	0.205664855
67.352	0.083691706
67.356	-0.025542733
67.36	-0.028408943
67.364	0.029552188
67.368	0.037195414
67.372	-0.033026726
67.376	-0.089395518
67.38	-0.092261728
67.384	-0.088758582
67.388	-0.05293096
67.392	0.011399526
67.396	0.049137955
67.4	0.03990239
67.404	-0.013600193
67.408	-0.081911526
67.412	-0.088758582
67.416	-0.006593902
67.42	0.101685134
67.424	0.155824652
67.428	0.075730012
67.432	-0.069332049
67.436	-0.119172253
67.44	-0.061051888
67.444	0.008055615
67.448	-0.000383781
67.452	-0.001657652
67.456	0.035762309
67.46	0.06044356
67.464	0.06044356
67.468	0.01442497
67.472	-0.05293096
67.476	-0.040033016
67.48	0.031462994
67.484	0.046271745
67.488	0.01155876
67.492	-0.01471483
67.496	-0.018377209
67.5	-0.026498137
67.504	-0.036211403
67.508	-0.058026444
67.512	-0.073153662
67.516	-0.041147653
67.52	0.023023599
67.524	0.048660253
67.528	0.057736584
67.532	0.10359594
67.536	0.15327691
67.54	0.130028764
67.544	0.054551906
67.548	-0.030797451
67.552	-0.105955841
67.556	-0.133662536
67.56	-0.110892091
67.564	-0.058981847
67.568	0.002800897
67.572	0.031462994
67.576	-0.00197612
67.58	-0.018058741
67.584	0.024138236
67.588	0.005667106
67.592	-0.054364065
67.596	-0.079045316
67.6	-0.02952358
67.604	0.066335213
67.608	0.120315497
67.612	0.074774609
67.616	0.00869255
67.62	-0.042103057
67.624	-0.081593058
67.628	-0.073790598
67.632	-0.074746001
67.636	-0.054523299
67.64	0.023501301
67.644	0.113627675
67.648	0.146270619
67.652	0.100092795
67.656	0.029074486
67.66	-0.010574749
67.664	-0.005320031
67.668	0.023660534
67.672	0.019042752
67.676	-0.021880354
67.68	-0.034937532
67.684	-0.014237128
67.688	-0.024428096
67.692	-0.055160234
67.696	-0.076975275
67.7	-0.119649954
67.704	-0.136847213
67.708	-0.078726848
67.712	0.008851784
67.716	0.069360657
67.72	0.067290617
67.724	-0.001339184
67.728	-0.045287734
67.732	-0.005638499
67.736	0.094360376
67.74	0.188467597
67.744	0.213467315
67.748	0.114901546
67.752	0.035284607
67.756	0.051685697
67.76	0.037673116
67.764	0.02429747
67.768	-0.012326322
67.772	-0.016625636
67.776	-0.041466121
67.78	-0.281113105
67.784	-0.365666293
67.788	-0.160095359
67.792	-0.02251729
67.796	0.05471114
67.8	0.083691706
67.804	-0.007390071
67.808	-0.030638217
67.812	0.041176261
67.816	0.099774327
67.82	0.097067351
67.824	-0.004683096
67.828	-0.089713986
67.832	-0.017262572
67.836	-0.023313459
67.84	-0.08207076
67.844	0.023501301
67.848	0.112035336
67.852	0.140378966
67.856	0.228116832
67.86	0.279230906
67.864	0.212671146
67.868	0.098978158
67.872	-0.03812221
67.876	-0.199107659
67.88	-0.326017058
67.884	-0.312641413
67.888	-0.186050481
67.892	-0.124586205
67.896	-0.123630801
67.9	-0.071561324
67.904	0.012195695
67.908	0.046590213
67.912	0.087991021
67.916	0.180983604
67.92	0.250728042
67.924	0.217607396
67.928	0.101685134
67.932	-0.018217975
67.936	-0.070128219
67.94	-0.066784307
67.944	-0.066147372
67.948	-0.08700701
67.952	-0.05579717
67.956	-0.036370637
67.96	-0.087166244
67.964	-0.089873219
67.968	0.00296013
67.972	0.063469004
67.976	0.085602512
67.98	0.173977314
67.984	0.241333244
67.988	0.144519047
67.992	-0.034300597
67.996	-0.108981285
68	-0.005797733
68.004	0.047386382
68.008	-0.053408662
68.012	-0.135414108
68.016	-0.22299274
68.02	-0.265985887
68.024	-0.12028689
68.028	0.050411826
68.032	0.134168845
68.036	0.131143401
68.04	-0.01758104
68.044	-0.124586205
68.048	-0.08127459
68.052	0.017928115
68.056	0.143722877
68.06	0.226524493
68.064	0.109646828
68.068	-0.110892091
68.072	-0.191145965
68.076	-0.154362939
68.08	-0.073312896
68.084	0.066494447
68.088	0.285759495
68.092	0.371108853
68.096	0.09945586
68.1	-0.071561324
68.104	0.064265173
68.108	-0.072198259
68.112	-0.320603106
68.116	-0.226655119
68.12	0.243721752
68.124	0.079392391
68.128	-0.18684665
68.132	0.167767193
68.136	0.012991865
68.14	-0.279202299
68.144	0.026049043
68.148	0.167130257
68.152	0.11219457
68.156	0.210760339
68.16	0.123818643
68.164	-0.115669107
68.168	-0.140350358
68.172	-0.039236847
68.176	0.035284607
68.18	-0.018695677
68.184	-0.255794919
68.188	-0.383500488
68.192	-0.237801491
68.196	0.019838921
68.2	0.185282919
68.204	0.142130538
68.208	-0.00691237
68.212	-0.043217694
68.216	0.036240011
68.22	0.087672553
68.224	0.068564488
68.228	0.001527026
68.232	-0.026338903
68.236	0.038628519
68.24	0.12986953
68.244	0.167607959
68.248	0.116812352
68.252	0.034806906
68.256	0.017609647
68.26	0.036717712
68.264	0.027959849
68.268	-0.044491565
68.272	-0.111369793
68.276	-0.097675679
68.28	0.007577913
68.284	0.078596222
68.288	-0.006275434
68.292	-0.113599067
68.296	-0.121401527
68.3	-0.086529308
68.304	-0.025224266
68.308	0.023342067
68.312	-0.066147372
68.316	-0.112962132
68.32	-0.00197612
68.324	0.100092795
68.328	0.091812634
68.332	0.003597066
68.336	-0.017262572
68.34	0.078277754
68.344	0.123659409
68.348	0.1015259
68.352	0.036876946
68.356	-0.027931242
68.36	0.025252873
68.364	0.099615093
68.368	0.084806343
68.372	0.045157108
68.376	-0.020288015
68.38	-0.116942978
68.384	-0.167579351
68.388	-0.148948988
68.392	-0.094968704
68.396	-0.022039588
68.4	-0.011370918
68.404	-0.082229993
68.408	-0.111369793
68.412	-0.089395518
68.416	-0.008823176
68.42	0.087991021
68.424	0.108850658
68.428	0.084647109
68.432	0.082895536
68.436	0.086080214
68.44	0.07031606
68.444	0.035284607
68.448	0.028915252
68.452	0.012195695
68.456	-0.025861201
68.46	-0.027772008
68.464	-0.05786721
68.468	-0.119968422
68.472	-0.104363502
68.476	-0.040510718
68.48	-0.00404616
68.484	0.001208558
68.488	-0.014874064
68.492	-0.027931242
68.496	-0.010893217
68.5	0.059328923
68.504	0.165537918
68.508	0.178435862
68.512	0.031144527
68.516	-0.098312615
68.52	-0.088440115
68.524	0.01442497
68.528	0.083214004
68.532	0.0526411
68.536	-0.028568177
68.54	-0.084300034
68.544	-0.065351203
68.548	0.007577913
68.552	0.110124529
68.556	0.198021629
68.56	0.175091951
68.564	0.103277473
68.568	0.110920699
68.572	0.04770485
68.576	-0.143216568
68.58	-0.227292055
68.584	-0.135573342
68.588	-0.089554752
68.592	-0.154362939
68.596	-0.151337496
68.6	-0.093217131
68.604	-0.115509874
68.608	-0.131592495
68.612	-0.035733701
68.616	0.085443278
68.62	0.123500175
68.624	0.086557916
68.628	-0.003568458
68.632	-0.037803742
68.636	0.079710859
68.64	0.179550499
68.644	0.134009611
68.648	0.106939852
68.652	0.144200579
68.656	-0.028727411
68.66	-0.216623385
68.664	-0.134777173
68.668	0.055825777
68.672	0.216651993
68.676	0.230823808
68.68	0.008533316
68.684	-0.244967015
68.688	-0.203884675
68.692	-0.003727692
68.696	0.041335495
68.7	0.016335776
68.704	0.007896381
68.708	-0.068695114
68.712	-0.180636529
68.716	-0.198470723
68.72	-0.108025881
68.724	0.053596503
68.728	0.207894129
68.732	0.26585526
68.736	0.212193444
68.74	0.093882674
68.744	0.022864365
68.748	0.014584203
68.752	-0.035096766
68.756	-0.135254874
68.76	-0.218852659
68.764	-0.244489314
68.768	-0.134458705
68.772	-0.068376646
68.776	0.025412107
68.78	0.115220013
68.784	0.06044356
68.788	0.036080777
68.792	0.050093358
68.796	-0.002931523
68.8	0.001208558
68.804	0.03209993
68.808	0.042131664
68.812	0.110761465
68.816	0.149773765
68.82	0.103277473
68.824	0.077640819
68.828	0.102481303
68.832	0.092608803
68.836	0.03130376
68.84	0.020157389
68.844	-0.050223984
68.848	-0.149585923
68.852	-0.109458986
68.856	-0.108025881
68.86	-0.179999594
68.864	-0.165668545
68.868	-0.122197696
68.872	-0.090510155
68.876	-0.058981847
68.88	-0.033663661
68.884	-0.052134791
68.888	-0.053886363
68.892	0.019201986
68.896	0.094997311
68.9	0.127640256
68.904	0.124774046
68.908	0.100252029
68.912	0.080347794
68.916	0.061717431
68.92	0.028278317
68.924	0.010125655
68.928	0.001527026
68.932	-0.003886926
68.936	0.021590494
68.94	0.09658965
68.944	0.082258601
68.948	-0.033822895
68.952	-0.141942697
68.956	-0.088121647
68.96	0.045634809
68.964	0.066812915
68.968	-0.021880354
68.972	-0.054204831
68.976	0.163627112
68.98	0.370949619
68.984	0.015061905
68.988	-0.497830411
68.992	-0.621236665
68.996	-0.01184862
69	0.226842961
69.004	-0.21025403
69.008	0.012354929
69.012	0.357733207
69.016	0.082258601
69.02	0.124296344
69.024	0.360758651
69.028	0.199773202
69.032	0.038150817
69.036	-0.005001563
69.04	-0.143057334
69.044	-0.210094796
69.048	-0.164872375
69.052	-0.166623948
69.056	-0.143535036
69.06	-0.002135354
69.064	0.052959568
69.068	-0.01678487
69.072	-0.022994991
69.076	0.00296013
69.08	-0.006275434
69.084	-0.040669952
69.088	-0.010574749
69.092	0.082895536
69.096	0.179232032
69.1	0.211715742
69.104	0.09865969
69.108	-0.020765717
69.112	-0.004364628
69.116	0.014584203
69.12	-0.038918379
69.124	-0.091784026
69.128	-0.111529027
69.132	-0.08907705
69.136	-0.039077613
69.14	-0.035256
69.144	-0.051020154
69.148	-0.11455447
69.152	-0.211846369
69.156	-0.21805649
69.16	-0.139076487
69.164	-0.009619346
69.168	0.132576506
69.172	0.237352397
69.176	0.200887839
69.18	0.079073923
69.184	0.052481866
69.188	0.081143964
69.192	0.103755174
69.196	0.134487312
69.2	0.079710859
69.204	-0.00117995
69.208	0.007100211
69.212	0.002800897
69.216	-0.008027007
69.22	0.01155876
69.224	0.017768881
69.228	0.030189123
69.232	0.018246583
69.236	-0.039236847
69.24	-0.09974572
69.244	-0.143057334
69.248	-0.11248443
69.252	-0.026975838
69.256	0.028756018
69.26	0.096748884
69.264	0.08878719
69.268	-0.061848057
69.272	-0.128726285
69.276	-0.095446405
69.28	-0.10468197
69.284	-0.060414952
69.288	0.025412107
69.292	0.022705131
69.296	0.003915534
69.3	-0.003090757
69.304	-0.021561886
69.308	-0.014237128
69.312	0.023660534
69.316	0.04770485
69.32	0.022705131
69.324	0.002482429
69.328	0.01076259
69.332	-0.005956967
69.336	0.000730856
69.34	0.04977489
69.344	0.094519609
69.348	0.203754049
69.352	0.366809538
69.356	0.330185747
69.36	0.046271745
69.364	-0.160732294
69.368	-0.100701123
69.372	-0.046720839
69.376	-0.226973587
69.38	-0.302131977
69.384	-0.127770882
69.388	0.079233157
69.392	0.041494729
69.396	-0.156910681
69.4	-0.231750603
69.404	-0.212801772
69.408	-0.110573623
69.412	0.034010736
69.416	0.122226304
69.42	0.24531409
69.424	0.356777804
69.428	0.2383078
69.432	0.043246301
69.436	0.048660253
69.44	0.066016746
69.444	-0.058981847
69.448	-0.207069353
69.452	-0.363755487
69.456	-0.426971336
69.46	-0.260890403
69.464	-0.038599911
69.468	0.06824602
69.472	0.107895255
69.476	0.140697434
69.48	0.14834066
69.484	0.222384412
69.488	0.270313809
69.492	0.148818361
69.496	0.097863521
69.5	0.161557071
69.504	0.223817517
69.508	0.255664292
69.512	0.061558197
69.516	-0.228088224
69.52	-0.315666856
69.524	-0.264712016
69.528	-0.263438145
69.532	-0.20324774
69.536	-0.126019309
69.54	-0.173948706
69.544	-0.215508748
69.548	-0.095764873
69.552	0.151525337
69.556	0.253594252
69.56	0.159964733
69.564	0.073978439
69.568	-0.015192531
69.572	-0.111369793
69.576	-0.095764873
69.58	-0.007708539
69.584	0.086080214
69.588	0.147862958
69.592	0.130347232
69.596	0.07811852
69.6	0.110602231
69.604	0.16394558
69.608	0.186397556
69.612	0.165060217
69.616	0.105984449
69.62	0.069519891
69.624	-0.056911807
69.628	-0.197674554
69.632	-0.19257907
69.636	-0.12808935
69.64	-0.097834913
69.644	-0.018377209
69.648	0.023342067
69.652	-0.030001282
69.656	-0.046083903
69.66	-0.06359963
69.664	-0.116942978
69.668	-0.141146528
69.672	-0.10675201
69.676	0.034329204
69.68	0.191811508
69.684	0.224932154
69.688	0.130187998
69.692	0.06537981
69.696	0.05471114
69.7	-0.021561886
69.704	-0.111369793
69.708	-0.155159109
69.712	-0.17490411
69.716	-0.17124173
69.72	-0.175541045
69.724	-0.214553345
69.728	-0.144808907
69.732	0.012991865
69.736	0.085443278
69.74	0.093882674
69.744	0.099615093
69.748	0.08878719
69.752	0.100729731
69.756	0.16888183
69.76	0.185919855
69.764	0.110283763
69.768	0.074296907
69.772	0.045634809
69.776	-0.028408943
69.78	-0.088121647
69.784	-0.084300034
69.788	-0.054523299
69.792	-0.043854629
69.796	-0.039873782
69.8	-0.010097047
69.804	0.029392954
69.808	0.043405535
69.812	0.037513882
69.816	0.03130376
69.82	0.060762028
69.824	0.120156264
69.828	0.153595378
69.832	0.082736303
69.836	-0.005479265
69.84	0.168244894
69.844	0.011717994
69.848	-0.403245488
69.852	-0.550536824
69.856	-0.008345475
69.86	0.179709733
69.864	-0.173311771
69.868	-0.036370637
69.872	0.036399245
69.876	-0.144012737
69.88	0.116971586
69.884	0.324931029
69.888	0.0916534
69.892	-0.011530152
69.896	0.087513319
69.9	0.112513037
69.904	0.098818924
69.908	0.074774609
69.912	-0.008345475
69.916	-0.081911526
69.92	-0.169808625
69.924	-0.22792899
69.928	-0.137324915
69.932	0.014265736
69.936	0.064265173
69.94	0.044042471
69.944	0.010603357
69.948	-0.072675961
69.952	-0.114872938
69.956	-0.045606202
69.96	0.005030171
69.964	0.034806906
69.968	0.091016464
69.972	0.115697715
69.976	0.150251466
69.98	0.179550499
69.984	0.073659972
69.988	-0.138280318
69.992	-0.27187754
69.996	-0.088917816
70	0.227320662
70.004	0.187989895
70.008	-0.025065032
70.012	-0.083344631
70.016	-0.088917816
70.02	-0.131592495
70.024	-0.110573623
70.028	-0.013440959
70.032	-0.028886645
70.036	-0.090828623
70.04	-0.051816323
70.044	0.025730575
70.048	0.065061342
70.052	0.010921824
70.056	-0.038599911
70.06	0.021272026
70.064	0.067290617
70.068	0.072386101
70.072	0.090697996
70.076	0.054233439
70.08	0.011877228
70.084	0.032577632
70.088	0.040061624
70.092	-0.01678487
70.096	-0.030956685
70.1	0.028596785
70.104	0.016335776
70.108	-0.067421243
70.112	-0.101656526
70.116	-0.070765154
70.12	-0.005479265
70.124	0.046430979
70.128	0.056144245
70.132	0.080029327
70.136	0.073341504
70.14	-0.022198822
70.144	-0.110573623
70.148	-0.072994429
70.152	0.051207995
70.156	0.058851221
70.16	-0.041147653
70.164	-0.067739711
70.168	-0.00977858
70.172	0.023342067
70.176	0.002004727
70.18	-0.020765717
70.184	-0.052771726
70.188	-0.046561605
70.192	0.055348076
70.196	0.073978439
70.2	-0.039396081
70.204	-0.086847776
70.208	-0.082707695
70.212	0.045157108
70.216	0.221906711
70.22	0.180346669
70.224	0.095156545
70.228	0.135920417
70.232	0.1992955
70.236	0.17381808
70.24	0.007737147
70.244	-0.181114231
70.248	-0.281750041
70.252	-0.349265204
70.256	-0.296240323
70.26	-0.052771726
70.264	0.174295782
70.268	0.208212597
70.272	0.120952433
70.276	-0.042421524
70.28	-0.219489595
70.284	-0.243056209
70.288	-0.122197696
70.292	0.002004727
70.296	0.049934124
70.3	0.086717149
70.304	0.109009892
70.308	0.138945861
70.312	0.126047917
70.316	0.009329486
70.32	-0.087484711
70.324	-0.090987857
70.328	-0.035733701
70.332	0.03990239
70.336	0.117449288
70.34	0.14754449
70.344	0.064265173
70.348	-0.04305846
70.352	-0.05786721
70.356	-0.026338903
70.36	-0.04592467
70.364	-0.072039025
70.368	-0.052453259
70.372	-0.048631645
70.376	-0.014237128
70.38	0.029870656
70.384	0.063787471
70.388	0.014106502
70.392	-0.113917535
70.396	-0.125541608
70.4	-0.047039307
70.404	0.124774046
70.408	0.309644577
70.412	0.210123404
70.416	-0.121560761
70.42	-0.263119677
70.424	-0.056593339
70.428	0.169677999
70.432	0.172862677
70.436	0.10725832
70.44	0.00662251
70.444	-0.129840922
70.448	-0.217738022
70.452	-0.228884394
70.456	-0.087643945
70.46	0.100252029
70.464	0.195473887
70.468	0.26951764
70.472	0.257256631
70.476	0.108691424
70.48	-0.022039588
70.484	-0.118853785
70.488	-0.231909837
70.492	-0.203566207
70.496	-0.184935844
70.5	-0.149267455
70.504	-0.020128782
70.508	0.0427686
70.512	0.10932836
70.516	0.10359594
70.52	-0.010256281
70.524	-0.080637655
70.528	-0.033026726
70.532	-0.015829467
70.536	-0.029045879
70.54	0.030507591
70.544	0.063787471
70.548	0.036399245
70.552	0.010921824
70.556	0.033214567
70.56	0.045316342
70.564	-0.014237128
70.568	-0.054364065
70.572	0.035921543
70.576	0.113627675
70.58	0.04770485
70.584	-0.009141644
70.588	0.043405535
70.592	0.046112511
70.596	-0.033663661
70.6	-0.028727411
70.604	-0.061051888
70.608	-0.183502739
70.612	-0.144331205
70.616	-0.026816604
70.62	0.058373519
70.624	0.14547445
70.628	0.166971023
70.632	0.089105658
70.636	-0.003886926
70.64	-0.035096766
70.644	-0.047357774
70.648	-0.051179388
70.652	-0.042421524
70.656	-0.089713986
70.66	-0.0940133
70.664	0.036240011
70.668	0.13974203
70.672	0.102162836
70.676	0.021272026
70.68	-0.034141363
70.684	-0.032549024
70.688	0.010444123
70.692	0.002163961
70.696	-0.035256
70.7	-0.021243419
70.704	0.151047636
70.708	0.324771795
70.712	0.199932436
70.716	-0.009300878
70.72	-0.291463307
70.724	-0.575058841
70.728	-0.587797551
70.732	-0.138598786
70.736	0.191174572
70.74	0.086080214
70.744	0.09085723
70.748	0.101207432
70.752	0.047386382
70.756	0.281300947
70.76	0.495948212
70.764	0.307096834
70.768	0.022705131
70.772	-0.068695114
70.776	-0.069809751
70.78	-0.069013582
70.784	-0.097357212
70.788	-0.14082806
70.792	-0.041784589
70.796	-0.009141644
70.8	-0.150541326
70.804	-0.209139393
70.808	-0.121719995
70.812	-0.065191969
70.816	-0.04592467
70.82	0.04690868
70.824	0.124455578
70.828	0.103914408
70.832	0.066972149
70.836	0.002163961
70.84	-0.063281162
70.844	-0.011052451
70.848	0.074137673
70.852	0.069519891
70.856	0.051207995
70.86	0.06537981
70.864	0.059488157
70.868	-0.000383781
70.872	-0.047357774
70.876	-0.072357493
70.88	-0.098471849
70.884	-0.126974713
70.888	-0.122197696
70.892	-0.035892935
70.896	0.049137955
70.9	0.134168845
70.904	0.208371831
70.908	0.139901264
70.912	0.059010455
70.916	0.005985574
70.92	-0.030001282
70.924	0.028756018
70.928	0.034329204
70.932	-0.049905516
70.936	-0.092102494
70.94	-0.115032172
70.944	-0.061848057
70.948	-0.114713704
70.952	-0.993525468
70.956	-0.572511099
70.96	1.151514081
70.964	1.292117594
70.968	0.434006234
70.972	-0.123949269
70.976	-0.457703474
70.98	-0.441620853
70.984	-0.273310645
70.988	-0.190827497
70.992	-0.090350921
70.996	-0.029205113
71	-0.043376928
71.004	-0.032867492
71.008	-0.068217412
71.012	-0.080956122
71.016	0.050093358
71.02	0.154232313
71.024	0.16808566
71.028	0.218881267
71.032	0.303752923
71.036	0.294039657
71.04	0.176843524
71.044	0.011399526
71.048	-0.159458423
71.052	-0.251973306
71.056	-0.261368104
71.06	-0.233183708
71.064	-0.140031891
71.068	-0.024905798
71.072	0.068882955
71.076	0.136875821
71.08	0.130506466
71.084	0.084169407
71.088	0.057099648
71.092	0.017450413
71.096	-0.042103057
71.1	-0.09687951
71.104	-0.139235721
71.108	-0.112325196
71.112	0.014743437
71.116	0.092768037
71.12	0.051048761
71.124	-0.038281444
71.128	-0.048790879
71.132	0.059965858
71.136	0.102640537
71.14	0.078596222
71.144	0.137512756
71.148	0.17668429
71.152	0.084806343
71.156	-0.050383218
71.16	-0.144171971
71.164	-0.157866085
71.168	-0.166623948
71.172	-0.236209152
71.176	-0.15563681
71.18	0.041653962
71.184	0.110602231
71.188	0.1015259
71.192	0.113468441
71.196	0.069679125
71.2	-0.018536443
71.204	0.0037563
71.208	0.024138236
71.212	0.045475575
71.216	0.002641663
71.22	-0.111210559
71.224	-0.041625355
71.228	-0.01758104
71.232	-0.124267737
71.236	-0.094331768
71.24	0.050889527
71.244	0.159009329
71.248	0.206301791
71.252	0.120315497
71.256	-0.098153381
71.26	-0.238438426
71.264	-0.104522736
71.268	0.203435581
71.272	0.339739779
71.276	0.24037784
71.28	0.110602231
71.284	-0.034300597
71.288	-0.201496167
71.292	-0.272992177
71.296	-0.218852659
71.3	-0.115828341
71.304	-0.038759145
71.308	0.015858074
71.312	0.019042752
71.316	-0.031912088
71.32	-0.011211685
71.324	0.007737147
71.328	-0.019332612
71.332	0.038628519
71.336	0.059965858
71.34	-0.104204268
71.344	-0.126974713
71.348	0.06537981
71.352	0.058851221
71.356	-0.073790598
71.36	0.033055333
71.364	0.110761465
71.368	0.155983886
71.372	0.16394558
71.376	0.040061624
71.38	-0.049746283
71.384	-0.070446687
71.388	-0.031434387
71.392	0.008851784
71.396	0.009011018
71.4	0.070475294
71.404	0.112035336
71.408	0.087035617
71.412	0.100092795
71.416	0.111716868
71.42	0.036080777
71.424	-0.057389509
71.428	-0.122038463
71.432	-0.167260883
71.436	-0.172197134
71.44	-0.124586205
71.444	-0.088121647
71.448	-0.097038744
71.452	-0.107070478
71.456	-0.099427252
71.46	-0.058981847
71.464	0.045157108
71.468	0.141334369
71.472	0.147066789
71.476	0.06330977
71.48	-0.051816323
71.484	-0.057071041
71.488	-0.012485556
71.492	0.005985574
71.496	0.086398682
71.5	0.060762028
71.504	-0.059778017
71.508	0.115220013
71.512	0.120474731
71.516	-0.205954715
71.52	-0.218374958
71.524	0.029870656
71.528	0.217129694
71.532	0.294676592
71.536	0.250568808
71.54	0.121748602
71.544	-0.002772289
71.548	-0.120127656
71.552	-0.007708539
71.556	0.3750897
71.56	0.004711703
71.564	-0.588116019
71.568	-0.687955659
71.572	-0.10961822
71.576	0.354707764
71.58	0.107576787
71.584	0.08385094
71.588	0.112353804
71.592	-0.26487125
71.596	-0.263438145
71.6	0.087354085
71.604	0.151047636
71.608	0.141652837
71.612	0.113946142
71.616	-0.061848057
71.62	-0.147993584
71.624	-0.087803179
71.628	-0.041784589
71.632	0.009329486
71.636	0.081462432
71.64	0.053118802
71.644	-0.048631645
71.648	-0.053408662
71.652	0.055348076
71.656	0.110761465
71.66	0.072226867
71.664	0.004711703
71.668	-0.09480947
71.672	-0.14369427
71.676	-0.027612774
71.68	0.096908118
71.684	0.153913845
71.688	0.173658846
71.692	0.156939289
71.696	0.022545897
71.7	-0.116783745
71.704	-0.088917816
71.708	-0.037962976
71.712	-0.010733983
71.716	0.086239448
71.72	0.144041345
71.724	0.070634528
71.728	-0.017262572
71.732	-0.010893217
71.736	-0.103567333
71.74	-0.196241449
71.744	-0.165350077
71.748	-0.145605076
71.752	-0.118694551
71.756	-0.073790598
71.76	-0.087484711
71.764	-0.051497855
71.768	0.028278317
71.772	0.075889246
71.776	0.16808566
71.78	0.227957598
71.784	0.147385256
71.788	0.026049043
71.792	0.0526411
71.796	0.097545053
71.8	-0.008027007
71.804	-0.117739148
71.808	-0.106911244
71.812	-0.008504709
71.816	0.079710859
71.82	0.057258882
71.824	0.033214567
71.828	0.04977489
71.832	0.047545616
71.836	0.006463276
71.84	-0.05866338
71.844	-0.061211122
71.848	-0.05866338
71.852	-0.089713986
71.856	-0.054204831
71.86	-0.016944104
71.864	-0.08621084
71.868	-0.082866929
71.872	-0.007867773
71.876	-0.017740273
71.88	-0.037803742
71.884	0.005985574
71.888	0.06044356
71.892	0.078277754
71.896	0.056781181
71.9	-0.013440959
71.904	-0.093376365
71.908	-0.125382374
71.912	-0.0940133
71.916	-0.03031975
71.92	0.03496614
71.924	0.107576787
71.928	0.16808566
71.932	0.129073361
71.936	0.04690868
71.94	0.048660253
71.944	0.123659409
71.948	0.114583078
71.952	-0.017899507
71.956	0.021749728
71.96	0.121748602
71.964	-0.059778017
71.968	-0.354519922
71.972	-0.347672865
71.976	-0.035733701
71.98	0.24117401
71.984	0.318083972
71.988	0.265696027
71.992	0.079870093
71.996	-0.146242012
72	-0.205158546
72.004	-0.124108503
72.008	-0.049587049
72.012	-0.024746564
72.016	-0.064236565
72.02	-0.157388383
72.024	-0.178407255
72.028	-0.083822332
72.032	0.024456704
72.036	0.080666262
72.04	0.080347794
72.044	0.058055052
72.048	0.038150817
72.052	0.051685697
72.056	0.089583359
72.06	0.102162836
72.064	0.063150536
72.068	0.007100211
72.072	0.010921824
72.076	0.023660534
72.08	-0.024268862
72.084	-0.036848339
72.088	0.127481022
72.092	0.093564206
72.096	-0.265348951
72.1	-0.336685728
72.104	-0.034619064
72.108	0.130665699
72.112	0.118404691
72.116	0.042609366
72.12	-0.073312896
72.124	-0.012326322
72.128	0.163627112
72.132	0.225728324
72.136	0.11713082
72.14	-0.105637373
72.144	-0.259935
72.148	-0.200699997
72.152	-0.1231531
72.156	-0.072835195
72.16	0.065857512
72.164	0.085602512
72.168	-0.006275434
72.172	0.040061624
72.176	0.183053645
72.18	0.20709796
72.184	0.086557916
72.188	-0.039236847
72.192	-0.075860638
72.196	-0.058822614
72.2	-0.014396362
72.204	-0.031275153
72.208	-0.086847776
72.212	-0.18684665
72.216	-0.150063625
72.22	-0.019969548
72.224	0.028119083
72.228	0.044360938
72.232	-0.022039588
72.236	-0.047517008
72.24	0.049456422
72.244	0.099933561
72.248	0.098818924
72.252	0.116812352
72.256	0.149136829
72.26	0.147385256
72.264	0.132894974
72.268	0.094519609
72.272	0.033851503
72.276	-0.002931523
72.28	-0.132707132
72.284	-0.236049918
72.288	-0.137165681
72.292	-0.061370356
72.296	-0.103248865
72.3	-0.101338059
72.304	-0.02251729
72.308	0.049615656
72.312	0.072067633
72.316	0.051207995
72.32	-0.014874064
72.324	-0.07920455
72.328	-0.073790598
72.332	-0.068217412
72.336	-0.065191969
72.34	0.049297189
72.344	0.16601562
72.348	0.122704006
72.352	-0.003568458
72.356	-0.039555315
72.36	-6.53132E-05
72.364	-0.009937814
72.368	-0.048790879
72.372	-0.007708539
72.376	0.071430697
72.38	0.11219457
72.384	0.127321788
72.388	0.042290898
72.392	-0.066784307
72.396	-0.107070478
72.4	-0.146242012
72.404	0.030826059
72.408	0.412668895
72.412	0.382255224
72.416	-0.09974572
72.42	-0.140350358
72.424	-0.235572216
72.428	-0.605950213
72.432	-0.250380967
72.436	0.419675185
72.44	0.042927833
72.444	-0.317896131
72.448	0.102481303
72.452	0.023660534
72.456	-0.189872094
72.46	0.158850096
72.464	0.288307237
72.468	0.118404691
72.472	0.123340941
72.476	0.167767193
72.48	0.146589087
72.484	0.100411263
72.488	-0.024746564
72.492	-0.153248302
72.496	-0.199426126
72.5	-0.158980722
72.504	-0.10675201
72.508	-0.074746001
72.512	-0.000702249
72.516	0.020475857
72.52	0.018087349
72.524	0.049297189
72.528	-0.018217975
72.532	-0.116624511
72.536	-0.094491002
72.54	0.027322914
72.544	0.086876383
72.548	0.061876665
72.552	0.067927552
72.556	0.072863802
72.56	0.01936122
72.564	-0.05786721
72.568	-0.107070478
72.572	-0.097038744
72.576	-0.00117995
72.58	0.067290617
72.584	0.016654244
72.588	0.01856505
72.592	0.008055615
72.596	-0.098471849
72.6	-0.093376365
72.604	0.045794043
72.608	0.177958161
72.612	0.239740905
72.616	0.158372394
72.62	0.001527026
72.624	-0.085892373
72.628	-0.115669107
72.632	-0.107070478
72.636	-0.004364628
72.64	0.092768037
72.644	0.076844649
72.648	0.011081058
72.652	-0.048313178
72.656	-0.090350921
72.66	-0.085733139
72.664	-0.076816042
72.668	-0.080478421
72.672	-0.065828904
72.676	-0.013122491
72.68	0.048660253
72.684	0.085124811
72.688	0.116493884
72.692	0.11713082
72.696	0.076526181
72.7	0.007100211
72.704	-0.090669389
72.708	-0.08907705
72.712	0.020157389
72.716	0.109646828
72.72	0.077163117
72.724	-0.032867492
72.728	-0.108185115
72.732	-0.141305762
72.736	-0.110573623
72.74	0.000412388
72.744	0.064902108
72.748	0.0526411
72.752	-0.016944104
72.756	-0.074586767
72.76	-0.003568458
72.764	0.120633965
72.768	0.102959005
72.772	-0.012963257
72.776	-0.094491002
72.78	-0.106115075
72.784	-0.023313459
72.788	0.061239729
72.792	0.046430979
72.796	-0.005320031
72.8	-0.024109629
72.804	-0.015033298
72.808	0.008214848
72.812	0.030348357
72.816	-0.001339184
72.82	-0.068695114
72.824	-0.103408099
72.828	-0.095605639
72.832	0.006781744
72.836	0.116175417
72.84	0.112990739
72.844	0.054870374
72.848	0.022545897
72.852	0.015061905
72.856	-0.005160797
72.86	0.043087067
72.864	0.132258038
72.868	0.115538481
72.872	0.051048761
72.876	0.032418398
72.88	0.031940696
72.884	0.029074486
72.888	-0.008663942
72.892	-0.084300034
72.896	-0.10961822
72.9	-0.061688823
72.904	-0.050383218
72.908	-0.117579914
72.912	-0.174426408
72.916	-0.138917253
72.92	-0.072994429
72.924	-0.033822895
72.928	0.068564488
72.932	0.169996467
72.936	0.091971867
72.94	-0.015988701
72.944	0.059806624
72.948	0.097067351
72.952	0.011877228
72.956	0.008533316
72.96	0.063787471
72.964	0.095475013
72.968	-0.100382655
72.972	-0.368054802
72.976	-0.26901133
72.98	0.044042471
72.984	0.223021348
72.988	0.201524774
72.992	0.035284607
72.996	-0.097994147
73	-0.056752573
73.004	0.107895255
73.008	0.258530502
73.012	0.139264329
73.016	-0.139713423
73.02	-0.249584798
73.024	-0.238756894
73.028	-0.129681689
73.032	0.150092232
73.036	0.291173447
73.04	0.185919855
73.044	0.154710015
73.048	0.16601562
73.052	0.094041908
73.056	0.044360938
73.06	0.009966421
73.064	-0.097675679
73.068	-0.24640012
73.072	-0.30022117
73.076	-0.259457298
73.08	-0.197674554
73.084	-0.145923544
73.088	-0.040351484
73.092	0.060284326
73.096	0.08385094
73.1	0.024456704
73.104	0.039265454
73.108	0.126047917
73.112	0.100252029
73.116	0.068564488
73.12	0.110761465
73.124	0.157894692
73.128	0.092608803
73.132	-0.002613055
73.136	-0.040033016
73.14	-0.047039307
73.144	-0.033345193
73.148	0.007577913
73.152	0.008055615
73.156	-0.011052451
73.16	-0.026179669
73.164	-0.070128219
73.168	-0.105159672
73.172	-0.089554752
73.176	-0.008663942
73.18	0.043246301
73.184	0.014265736
73.188	0.006144808
73.192	0.000253155
73.196	-0.044173097
73.2	-0.033822895
73.204	0.028437551
73.208	0.064742875
73.212	0.018246583
73.216	0.00869255
73.22	0.035762309
73.224	-0.006275434
73.228	-0.000383781
73.232	0.063469004
73.236	0.01442497
73.24	-0.038918379
73.244	0.022705131
73.248	0.05964739
73.252	0.014743437
73.256	-0.028568177
73.26	-0.051975557
73.264	-0.052294025
73.268	-0.028886645
73.272	-0.012167088
73.276	0.098341222
73.28	0.278434737
73.284	0.121748602
73.288	-0.20038153
73.292	-0.148948988
73.296	-0.167420117
73.3	-0.538912751
73.304	-0.221081934
73.308	0.343561392
73.312	0.023501301
73.316	-0.072835195
73.32	0.392605426
73.324	0.252957316
73.328	0.085443278
73.332	0.324294093
73.336	-0.10754818
73.34	-0.338437301
73.344	0.424292968
73.348	0.585119183
73.352	-0.008663942
73.356	-0.279202299
73.36	-0.248151693
73.364	-0.2307952
73.368	-0.169967859
73.372	-0.194489876
73.376	-0.259616532
73.38	-0.242419273
73.384	-0.233024474
73.388	-0.160891528
73.392	0.031781462
73.396	0.170155701
73.4	0.190378403
73.404	0.140219732
73.408	0.146748321
73.412	0.187193726
73.416	0.113149973
73.42	0.015380373
73.424	-0.038440677
73.428	-0.057071041
73.432	0.019520454
73.436	0.105825215
73.44	0.101366666
73.444	0.049456422
73.448	0.036717712
73.452	0.067290617
73.456	0.048023318
73.46	-0.069809751
73.464	-0.204521611
73.468	-0.19544528
73.472	-0.05786721
73.476	0.107099086
73.48	0.1992955
73.484	0.109965295
73.488	-0.003568458
73.492	-0.031434387
73.496	-0.076816042
73.5	-0.089236284
73.504	-0.033504427
73.508	0.025730575
73.512	0.04690868
73.516	0.030666825
73.52	-0.004842329
73.524	-0.104363502
73.528	-0.168216287
73.532	-0.068217412
73.536	0.044042471
73.54	0.012514163
73.544	-0.056752573
73.548	-0.043536161
73.552	0.060602794
73.556	0.144678281
73.56	0.128914127
73.564	0.053596503
73.568	-0.000224547
73.572	0.012354929
73.576	0.022068196
73.58	-0.022198822
73.584	-0.061370356
73.588	-0.072039025
73.592	-0.11041439
73.596	-0.118694551
73.6	-0.089395518
73.604	-0.035256
73.608	0.032736865
73.612	0.032577632
73.616	-0.007071604
73.62	0.012673397
73.624	0.072226867
73.628	0.10359594
73.632	0.068405254
73.636	0.027959849
73.64	0.040380091
73.644	0.092131101
73.648	0.123659409
73.652	0.092131101
73.656	0.030348357
73.66	-0.109936688
73.664	-0.211209433
73.668	-0.159617657
73.672	-0.033026726
73.676	0.067290617
73.68	0.110124529
73.684	0.072704568
73.688	-0.048631645
73.692	-0.117579914
73.696	-0.114713704
73.7	-0.091784026
73.704	-0.060574186
73.708	-0.000224547
73.712	0.107417553
73.716	0.191652274
73.72	0.160442434
73.724	0.05471114
73.728	-0.040669952
73.732	-0.021561886
73.736	0.042609366
73.74	0.05757735
73.744	0.082417835
73.748	0.054392673
73.752	-0.072516727
73.756	-0.126497011
73.76	-0.043376928
73.764	-0.015192531
73.768	-0.134140237
73.772	-0.211846369
73.776	-0.147515883
73.78	-0.025065032
73.784	0.087035617
73.788	0.043246301
73.792	-0.072516727
73.796	-0.037485274
73.8	0.046749447
73.804	0.069838359
73.808	0.072704568
73.812	0.126207151
73.816	0.19228921
73.82	0.103277473
73.824	-0.032549024
73.828	-0.068217412
73.832	-0.015033298
73.836	0.010444123
73.84	0.031622228
73.844	0.067768318
73.848	-0.133503302
73.852	-0.324424719
73.856	-0.12729318
73.86	0.152639974
73.864	0.260282075
73.868	0.235282356
73.872	-0.029682814
73.876	-0.28461625
73.88	-0.18971286
73.884	0.072704568
73.888	0.204868686
73.892	0.211397275
73.896	0.122863239
73.9	-0.064714267
73.904	-0.247514757
73.908	-0.29034867
73.912	-0.112006728
73.916	0.123977877
73.92	0.230823808
73.924	0.189104532
73.928	0.072226867
73.932	-0.019332612
73.936	-0.04799471
73.94	-0.08127459
73.944	-0.121401527
73.948	-0.136687979
73.952	-0.087484711
73.956	-0.025065032
73.96	-0.088121647
73.964	-0.105637373
73.968	-0.024268862
73.972	0.139582796
73.976	0.190856105
73.98	0.069360657
73.984	-0.015351765
73.988	-0.0451285
73.992	-0.040829186
73.996	0.035921543
74	0.084487875
74.004	0.056303479
74.008	0.069519891
74.012	0.102003602
74.016	0.035443841
74.02	-0.024109629
74.024	-0.019332612
74.028	-0.013281725
74.032	0.021590494
74.036	-0.030956685
74.04	-0.106433543
74.044	-0.07347213
74.048	-0.035892935
74.052	-0.059141081
74.056	-0.046083903
74.06	0.012991865
74.064	0.025730575
74.068	-0.025861201
74.072	-0.023472693
74.076	0.033214567
74.08	0.058055052
74.084	0.050411826
74.088	0.004870937
74.092	-0.061370356
74.096	-0.072516727
74.1	-0.037166806
74.104	0.010603357
74.108	0.031622228
74.112	0.003597066
74.116	0.007737147
74.12	0.092608803
74.124	0.180983604
74.128	0.177002757
74.132	0.034647672
74.136	-0.124267737
74.14	-0.145923544
74.144	-0.057707976
74.148	0.007100211
74.152	-0.025065032
74.156	-0.056752573
74.16	0.058691987
74.164	0.187989895
74.168	0.162353241
74.172	-0.145923544
74.176	-0.343692019
74.18	-0.393213754
74.184	-0.162006166
74.188	0.122704006
74.192	0.017291179
74.196	0.047545616
74.2	0.241970179
74.204	0.178435862
74.208	0.181779774
74.212	0.226046791
74.216	0.092608803
74.22	0.049297189
74.224	0.041813196
74.228	-0.105796607
74.232	-0.178884956
74.236	-0.11041439
74.24	-0.034619064
74.244	0.009329486
74.248	0.000571622
74.252	-0.083026163
74.256	-0.184935844
74.26	-0.160095359
74.264	-0.027612774
74.268	0.103755174
74.272	0.193881548
74.276	0.164423281
74.28	0.076685415
74.284	0.01442497
74.288	-0.07347213
74.292	-0.112165962
74.296	-0.083503864
74.3	-0.01965108
74.304	0.032736865
74.308	-0.020924951
74.312	-0.06853588
74.316	-0.049268581
74.32	-0.021880354
74.324	0.036240011
74.328	0.065539044
74.332	-0.00898241
74.336	-0.072357493
74.34	-0.030001282
74.344	0.041335495
74.348	0.009966421
74.352	-0.02952358
74.356	0.015539607
74.36	0.074774609
74.364	0.102959005
74.368	0.105825215
74.372	0.082417835
74.376	0.066335213
74.38	0.042609366
74.384	-0.037007573
74.388	-0.098471849
74.392	-0.076816042
74.396	-0.009460112
74.4	0.079870093
74.404	0.087991021
74.408	-0.030478984
74.412	-0.147356649
74.416	-0.146560479
74.42	-0.033185959
74.424	0.036717712
74.428	0.017609647
74.432	0.014743437
74.436	0.020953559
74.44	-0.040829186
74.444	-0.040033016
74.448	0.031940696
74.452	0.045316342
74.456	0.033373801
74.46	0.027641381
74.464	0.036399245
74.468	0.045794043
74.472	0.033214567
74.476	0.005667106
74.48	-0.03445983
74.484	-0.069332049
74.488	-0.053090194
74.492	-0.049109347
74.496	-0.094968704
74.5	-0.109777454
74.504	-0.099586486
74.508	-0.116783745
74.512	-0.097675679
74.516	0.0136288
74.52	0.135761183
74.524	0.179868967
74.528	0.131143401
74.532	0.089424125
74.536	0.087035617
74.54	0.090220295
74.544	0.147703724
74.548	0.198340097
74.552	0.113786908
74.556	-0.019173378
74.56	-0.105000438
74.564	-0.162961569
74.568	-0.151974431
74.572	-0.013281725
74.576	0.070156826
74.58	-0.050223984
74.584	-0.179999594
74.588	-0.166783182
74.592	-0.09687951
74.596	-0.060096485
74.6	-0.030478984
74.604	0.036717712
74.608	0.134328079
74.612	0.202639412
74.616	0.159009329
74.62	0.042131664
74.624	-0.062007291
74.628	-0.129522455
74.632	-0.132866366
74.636	-0.080796889
74.64	-0.002772289
74.644	0.051048761
74.648	0.071430697
74.652	0.101366666
74.656	0.085284045
74.66	0.010603357
74.664	-0.011052451
74.668	-0.046720839
74.672	-0.182547336
74.676	-0.224107377
74.68	-0.069491283
74.684	0.184645984
74.688	0.240696308
74.692	0.052481866
74.696	-0.033822895
74.7	0.003915534
74.704	-0.067421243
74.708	-0.123471567
74.712	-0.065828904
74.716	-0.070924388
74.72	-0.113280599
74.724	-0.086370074
74.728	0.047067914
74.732	0.245632558
74.736	0.284167156
74.74	0.195155419
74.744	0.164741749
74.748	0.107895255
74.752	-0.016466402
74.756	-0.09974572
74.76	-0.106115075
74.764	-0.051657089
74.768	-0.01678487
74.772	-0.064077331
74.776	-0.033663661
74.78	-0.02952358
74.784	-0.057230275
74.788	0.003597066
74.792	0.080188561
74.796	0.052959568
74.8	-0.079363784
74.804	-0.221718869
74.808	-0.236368386
74.812	-0.141146528
74.816	-0.058344912
74.82	0.021908962
74.824	0.081143964
74.828	0.077481585
74.832	0.09085723
74.836	0.043724003
74.84	-0.002135354
74.844	0.005985574
74.848	-0.03238979
74.852	-0.015033298
74.856	0.071589931
74.86	0.112353804
74.864	0.094041908
74.868	0.071430697
74.872	0.107576787
74.876	0.101685134
74.88	0.062035899
74.884	0.027322914
74.888	0.021908962
74.892	0.015858074
74.896	-0.038440677
74.9	-0.104522736
74.904	-0.178884956
74.908	-0.188757457
74.912	-0.077134509
74.916	0.005189405
74.92	-0.002772289
74.924	-0.045287734
74.928	-0.035256
74.932	0.002323195
74.936	-0.004683096
74.94	-0.025701967
74.944	-0.016147935
74.948	0.041176261
74.952	0.095475013
74.956	0.104551344
74.96	0.165060217
74.964	0.239581671
74.968	0.129551062
74.972	-0.069650517
74.976	-0.193056771
74.98	-0.262960443
74.984	-0.195763747
74.988	-0.077134509
74.992	0.002641663
74.996	0.003915534
75	-0.067102775
75.004	-0.059778017
75.008	0.014106502
75.012	0.080347794
75.016	0.05057106
75.02	-0.078886082
75.024	-0.085414671
75.028	0.540055996
75.032	0.54722152
75.036	-0.33143101
75.04	-0.340507341
75.044	0.058532753
75.048	-0.058981847
75.052	0.056781181
75.056	0.285600261
75.06	0.082577069
75.064	-0.071242856
75.068	0.024775172
75.072	0.051367229
75.076	0.004711703
75.08	-0.017103338
75.084	-0.110892091
75.088	-0.229839797
75.092	-0.22792899
75.096	-0.097994147
75.1	0.049137955
75.104	0.123340941
75.108	0.15248074
75.112	0.102799771
75.116	-0.007549305
75.12	-0.092102494
75.124	-0.156273746
75.128	-0.164553908
75.132	-0.069491283
75.136	0.023660534
75.14	0.048660253
75.144	0.075093077
75.148	0.100570497
75.152	0.032896099
75.156	-0.092739429
75.16	-0.127770882
75.164	-0.078726848
75.168	-0.068695114
75.172	-0.040033016
75.176	0.056621947
75.18	0.158690862
75.184	0.167289491
75.188	0.107736021
75.192	0.100729731
75.196	0.122226304
75.2	0.153913845
75.204	0.176525056
75.208	0.08305477
75.212	-0.033982129
75.216	-0.103885801
75.22	-0.129044753
75.224	-0.061848057
75.228	0.007418679
75.232	-0.071083622
75.236	-0.241941571
75.24	-0.277132258
75.244	-0.141146528
75.248	0.040539325
75.252	0.08878719
75.256	0.026049043
75.26	-0.018854911
75.264	0.0136288
75.268	0.064583641
75.272	0.022705131
75.276	-0.047357774
75.28	-0.003249991
75.284	0.07031606
75.288	0.023819768
75.292	-0.033026726
75.296	0.001527026
75.3	0.049934124
75.304	0.061876665
75.308	0.066175979
75.312	0.059328923
75.316	0.042927833
75.32	0.003278598
75.324	-0.055956404
75.328	-0.07060592
75.332	-0.014396362
75.336	0.028119083
75.34	-0.010256281
75.344	-0.084459268
75.348	-0.118694551
75.352	-0.09687951
75.356	-0.059778017
75.36	-0.005797733
75.364	0.06744985
75.368	0.127640256
75.372	0.160760902
75.376	0.142767474
75.38	0.049297189
75.384	0.035921543
75.388	0.100570497
75.392	0.104551344
75.396	0.062832068
75.4	0.014584203
75.404	-0.062644227
75.408	-0.170127093
75.412	-0.25913883
75.416	-0.251495604
75.42	-0.154362939
75.424	-0.019491846
75.428	0.037832349
75.432	0.01442497
75.436	0.069519891
75.44	0.113149973
75.444	0.062354366
75.448	0.084647109
75.452	0.095634247
75.456	0.002641663
75.46	-0.060574186
75.464	-0.047835476
75.468	0.013151099
75.472	0.064424407
75.476	0.030666825
75.48	0.02429747
75.484	0.105665981
75.488	0.105188279
75.492	0.007896381
75.496	-0.085573905
75.5	-0.101338059
75.504	-0.052771726
75.508	-0.038599911
75.512	-0.023791161
75.516	0.019201986
75.52	-0.02251729
75.524	-0.076497574
75.528	-0.019491846
75.532	0.101685134
75.536	0.082099367
75.54	-0.146719713
75.544	-0.265667419
75.548	-0.146560479
75.552	-0.051816323
75.556	-0.010574749
75.56	0.067609084
75.564	0.169359531
75.568	0.140219732
75.572	-0.118057616
75.576	-0.217578788
75.58	0.022705131
75.584	0.279867842
75.588	0.327956472
75.592	0.141812071
75.596	-0.110892091
75.6	-0.146560479
75.604	0.005507873
75.608	0.097067351
75.612	0.146429853
75.616	0.159646265
75.62	0.0136288
75.624	-0.143535036
75.628	-0.202770038
75.632	-0.149745157
75.636	0.012991865
75.64	0.053437269
75.644	-0.060574186
75.648	-0.051338621
75.652	0.015061905
75.656	0.073978439
75.66	0.122544772
75.664	0.05057106
75.668	-0.038281444
75.672	-0.151178262
75.676	-0.14863052
75.68	-0.116624511
75.684	-0.042580758
75.688	0.125251748
75.692	0.066335213
75.696	-0.118057616
75.7	-0.093217131
75.704	0.036240011
75.708	0.014265736
75.712	-0.015988701
75.716	0.073500738
75.72	0.136557353
75.724	0.168563362
75.728	0.233053082
75.732	0.157416991
75.736	0.025093639
75.74	0.026685978
75.744	0.017768881
75.748	-0.011689386
75.752	-0.066147372
75.756	-0.121879229
75.76	-0.150222859
75.764	-0.101497292
75.768	-0.020765717
75.772	-0.096083341
75.776	-0.217101087
75.78	-0.196241449
75.784	-0.099108784
75.788	-0.005956967
75.792	0.085602512
75.796	0.132258038
75.8	0.097226585
75.804	0.029552188
75.808	-0.026816604
75.812	-0.060096485
75.816	-0.01471483
75.82	0.035921543
75.824	0.015858074
75.828	0.028278317
75.832	0.114423844
75.836	0.167926426
75.84	0.115379247
75.844	0.023660534
75.848	-0.039236847
75.852	-0.104363502
75.856	-0.113758301
75.86	-0.046402371
75.864	0.005189405
75.868	0.021272026
75.872	0.06824602
75.876	0.13767199
75.88	0.26872147
75.884	0.331778085
75.888	0.028119083
75.892	-0.290985605
75.896	-0.092898663
75.9	-0.139394955
75.904	-0.503085129
75.908	-0.1917829
75.912	0.291969616
75.916	-0.018695677
75.92	-0.13796185
75.924	0.133213441
75.928	-0.078567614
75.932	-0.142261165
75.936	0.229549937
75.94	0.247224897
75.944	0.022864365
75.948	-0.012167088
75.952	0.03416997
75.956	0.030985293
75.96	-0.031593621
75.964	-0.079045316
75.968	-0.081593058
75.972	-0.055956404
75.976	0.028119083
75.98	0.094360376
75.984	0.046430979
75.988	-0.005160797
75.992	0.025571341
75.996	0.032736865
76	0.052959568
76.004	0.085443278
76.008	0.002323195
76.012	-0.15070056
76.016	-0.141146528
76.02	-0.01678487
76.024	-0.085414671
76.028	-0.184458142
76.032	-0.136528745
76.036	-0.047039307
76.04	0.038787753
76.044	0.112513037
76.048	0.130984167
76.052	0.076207714
76.056	0.01936122
76.06	0.03703618
76.064	0.09372344
76.068	0.079073923
76.072	0.018087349
76.076	-0.02251729
76.08	-0.051816323
76.084	-0.072835195
76.088	-0.07140209
76.092	0.003915534
76.096	0.094201142
76.1	0.050252592
76.104	-0.024746564
76.108	0.052163398
76.112	0.111876102
76.116	0.068723721
76.12	0.002641663
76.124	-0.064395799
76.128	-0.027135072
76.132	0.070952996
76.136	0.106780618
76.14	0.067131383
76.144	-0.010574749
76.148	-0.088758582
76.152	-0.147197415
76.156	-0.108822051
76.16	-0.04019225
76.164	-0.02172112
76.168	-0.016466402
76.172	-0.09974572
76.176	-0.177770319
76.18	-0.121083059
76.184	-0.03238979
76.188	0.003597066
76.192	0.056303479
76.196	0.116653118
76.2	0.091334932
76.204	0.01076259
76.208	-0.018217975
76.212	0.033692269
76.216	0.117608522
76.22	0.155824652
76.224	0.088627956
76.228	-0.048631645
76.232	-0.065191969
76.236	-0.012644789
76.24	-0.059300315
76.244	-0.08700701
76.248	0.029552188
76.252	0.118404691
76.256	0.098022755
76.26	0.056781181
76.264	-0.000702249
76.268	-0.034778298
76.272	-0.055956404
76.276	-0.080796889
76.28	0.016972712
76.284	0.10932836
76.288	-0.019810314
76.292	-0.165987012
76.296	-0.069809751
76.3	0.083691706
76.304	0.082577069
76.308	0.025889809
76.312	-0.039555315
76.316	-0.166464714
76.32	-0.304042783
76.324	-0.262801209
76.328	-0.053408662
76.332	0.152003039
76.336	0.251683445
76.34	0.20009167
76.344	0.102959005
76.348	0.093086505
76.352	0.077640819
76.356	-0.006434668
76.36	-0.018058741
76.364	0.023979002
76.368	0.006144808
76.372	-0.037166806
76.376	-0.065032735
76.38	-0.058185678
76.384	-0.029842048
76.388	0.030189123
76.392	0.188149129
76.396	0.211556509
76.4	0.009329486
76.404	-0.188438989
76.408	-0.275858387
76.412	-0.297036493
76.416	-0.213916409
76.42	-0.023154225
76.424	0.106302916
76.428	0.130984167
76.432	0.151525337
76.436	0.11920086
76.44	0.203754049
76.444	0.303115988
76.448	0.226046791
76.452	0.133054208
76.456	-0.177133384
76.46	-0.505473637
76.464	-0.361048511
76.468	0.015221139
76.472	0.233530784
76.476	0.213626549
76.48	-0.059937251
76.484	-0.318373832
76.488	-0.276176855
76.492	-0.041784589
76.496	0.199136266
76.5	0.25104651
76.504	0.105984449
76.508	-0.0742683
76.512	-0.21025403
76.516	-0.123312334
76.52	0.067927552
76.524	0.11920086
76.528	0.16808566
76.532	0.174136548
76.536	0.104232876
76.54	0.110283763
76.544	0.056940415
76.548	-0.086688542
76.552	-0.168534754
76.556	-0.196719151
76.56	-0.193056771
76.564	-0.112643664
76.568	-0.083185397
76.572	-0.041943823
76.576	0.07318227
76.58	0.05471114
76.584	-0.045446968
76.588	-0.01965108
76.592	0.035284607
76.596	0.154391547
76.6	0.201843242
76.604	0.080825496
76.608	-0.028727411
76.612	-0.037485274
76.616	0.00089009
76.62	0.066812915
76.624	0.097067351
76.628	0.066335213
76.632	0.011081058
76.636	-0.075542171
76.64	-0.130000156
76.644	-0.131114793
76.648	0.001208558
76.652	0.139582796
76.656	0.062672834
76.66	-0.040988419
76.664	-0.004842329
76.668	0.019998155
76.672	0.010284889
76.676	-0.058185678
76.68	-0.150222859
76.684	-0.116146809
76.688	-0.039555315
76.692	-0.040033016
76.696	-0.066306606
76.7	-0.059618783
76.704	0.003915534
76.708	0.07891469
76.712	0.08098473
76.716	0.075570778
76.72	0.082099367
76.724	0.098500456
76.728	0.087991021
76.732	-0.024268862
76.736	-0.101019591
76.74	-0.046561605
76.744	0.074615375
76.748	0.117926989
76.752	0.044520172
76.756	0.025252873
76.76	0.064742875
76.764	0.112035336
76.768	0.14340441
76.772	-0.05579717
76.776	-0.18971286
76.78	-0.196719151
76.784	-0.191464433
76.788	-0.364073955
76.792	-0.246718588
76.796	0.072226867
76.8	0.024934405
76.804	0.028915252
76.808	0.225409856
76.812	0.148977595
76.816	0.063946705
76.82	0.179550499
76.824	0.175728886
76.828	0.104710578
76.832	0.068564488
76.836	-0.032549024
76.84	-0.120127656
76.844	-0.087962413
76.848	-0.013281725
76.852	0.024615938
76.856	0.048341785
76.86	0.028915252
76.864	-0.006434668
76.868	-0.046402371
76.872	-0.142420399
76.876	-0.147197415
76.88	-0.080796889
76.884	-0.049587049
76.888	0.000730856
76.892	0.060921262
76.896	0.09085723
76.9	0.120633965
76.904	0.086717149
76.908	0.017928115
76.912	0.019520454
76.916	-0.011211685
76.92	-0.053886363
76.924	-0.042103057
76.928	-0.022676524
76.932	-0.050383218
76.936	-0.108822051
76.94	-0.14082806
76.944	-0.088599348
76.948	0.046112511
76.952	0.169518765
76.956	0.179072798
76.96	0.067927552
76.964	-0.062962694
76.968	-0.036370637
76.972	0.009329486
76.976	-0.043536161
76.98	-0.045287734
76.984	0.040380091
76.988	0.121907836
76.992	0.082577069
76.996	-0.062007291
77	-0.134617939
77.004	-0.090510155
77.008	-0.005320031
77.012	0.048819487
77.016	0.028596785
77.02	-0.040351484
77.024	-0.023950395
77.028	0.081143964
77.032	0.13273574
77.036	0.077163117
77.04	0.0037563
77.044	-0.035256
77.048	-0.098471849
77.052	-0.120446124
77.056	-0.028090475
77.06	0.07031606
77.064	0.053914971
77.068	0.037354648
77.072	0.082099367
77.076	0.064583641
77.08	0.033373801
77.084	-0.010097047
77.088	-0.083344631
77.092	-0.104045034
77.096	-0.096561042
77.1	-0.086051606
77.104	-0.020288015
77.108	0.108054489
77.112	0.184009048
77.116	0.059010455
77.12	-0.116942978
77.124	-0.183661973
77.128	-0.200222296
77.132	-0.14863052
77.136	0.011717994
77.14	0.069838359
77.144	-0.004683096
77.148	0.012354929
77.152	0.110761465
77.156	0.181779774
77.16	0.175410419
77.164	0.104232876
77.168	0.053278035
77.172	0.081940133
77.176	0.088150254
77.18	0.052800334
77.184	0.001686259
77.188	-0.092102494
77.192	-0.149585923
77.196	-0.100541889
77.2	-0.020128782
77.204	0.009488719
77.208	0.002800897
77.212	-0.016944104
77.216	-0.091784026
77.22	-0.116146809
77.224	-0.033026726
77.228	-0.003090757
77.232	-0.020447249
77.236	0.027800615
77.24	0.126207151
77.244	0.152003039
77.248	0.038469285
77.252	-0.07840838
77.256	-0.161846932
77.26	-0.20531778
77.264	-0.14576431
77.268	0.014106502
77.272	0.151366103
77.276	0.193881548
77.28	0.148181426
77.284	0.014106502
77.288	-0.085733139
77.292	-0.12808935
77.296	-0.046880073
77.3	0.035921543
77.304	0.0625136
77.308	0.144359813
77.312	0.020635091
77.316	-0.286845525
77.32	-0.31582609
77.324	-0.022358056
77.328	0.304549092
77.332	0.39276466
77.336	0.193563081
77.34	-0.07840838
77.344	-0.275380686
77.348	-0.271240605
77.352	-0.030478984
77.356	0.184327516
77.36	0.171111104
77.364	0.078277754
77.368	0.007577913
77.372	-0.052771726
77.376	-0.042899226
77.38	-0.013600193
77.384	0.089901827
77.388	0.242288647
77.392	0.256460462
77.396	0.118404691
77.4	-0.073312896
77.404	-0.222674272
77.408	-0.289234033
77.412	-0.200222296
77.416	-0.095924107
77.42	-0.080000719
77.424	-0.155955278
77.428	-0.17984036
77.432	-0.098471849
77.436	0.035284607
77.44	0.149614531
77.444	0.09579348
77.448	0.025093639
77.452	0.046590213
77.456	0.041176261
77.46	0.021749728
77.464	0.025571341
77.468	0.058691987
77.472	0.094997311
77.476	0.060762028
77.48	0.021749728
77.484	0.026526744
77.488	0.03130376
77.492	0.045634809
77.496	0.04977489
77.5	0.059806624
77.504	0.084806343
77.508	0.065698278
77.512	-0.059618783
77.516	-0.16917169
77.52	-0.1231531
77.524	-0.017740273
77.528	0.031144527
77.532	0.0427686
77.536	0.016654244
77.54	-0.051338621
77.544	-0.102452696
77.548	-0.095764873
77.552	-0.044491565
77.556	-0.014555596
77.56	0.029711422
77.564	0.075889246
77.568	0.04690868
77.572	-0.044491565
77.576	-0.112962132
77.58	-0.068058178
77.584	0.025571341
77.588	0.085602512
77.592	0.103914408
77.596	0.051685697
77.6	-0.027612774
77.604	-0.025224266
77.608	-0.002135354
77.612	0.010603357
77.616	9.39207E-05
77.62	-0.015192531
77.624	0.094360376
77.628	0.134646546
77.632	0.026208276
77.636	-0.028408943
77.64	0.054074205
77.644	-0.158025319
77.648	-0.233502176
77.652	0.082417835
77.656	-0.051338621
77.66	-0.202133102
77.664	0.169200297
77.668	0.149136829
77.672	-0.10468197
77.676	0.08385094
77.68	0.210919573
77.684	0.087035617
77.688	0.068086786
77.692	0.06744985
77.696	-0.05086092
77.7	-0.102134228
77.704	-0.059937251
77.708	-0.069491283
77.712	-0.143853504
77.716	-0.158980722
77.72	-0.109299752
77.724	-0.00691237
77.728	0.095315779
77.732	0.123977877
77.736	0.072386101
77.74	0.005348639
77.744	-0.049427815
77.748	-0.080000719
77.752	-0.0451285
77.756	0.033533035
77.76	0.058691987
77.764	0.023660534
77.768	-0.012644789
77.772	-0.027612774
77.776	0.020794325
77.78	0.086876383
77.784	0.058055052
77.788	-0.049905516
77.792	-0.087166244
77.796	-0.027294306
77.8	0.037513882
77.804	0.087194851
77.808	0.089105658
77.812	0.047227148
77.816	0.045157108
77.82	0.045634809
77.824	-0.018058741
77.828	-0.116624511
77.832	-0.147038181
77.836	-0.089554752
77.84	-0.066943541
77.844	-0.068217412
77.848	0.00089009
77.852	0.061239729
77.856	0.104710578
77.86	0.104232876
77.864	-0.01184862
77.868	-0.092898663
77.872	-0.048790879
77.876	0.019042752
77.88	0.117608522
77.884	0.138468159
77.888	0.015698841
77.892	-0.044491565
77.896	0.002323195
77.9	0.008055615
77.904	-0.010256281
77.908	-0.004842329
77.912	-0.024268862
77.916	-0.035574468
77.92	-0.030160516
77.924	0.022705131
77.928	0.074933843
77.932	0.053437269
77.936	-0.013281725
77.94	-0.041466121
77.944	-0.048313178
77.948	-0.076019872
77.952	-0.070287453
77.956	-0.02251729
77.96	-0.007549305
77.964	-0.003727692
77.968	0.025889809
77.972	0.068723721
77.976	0.02429747
77.98	-0.080000719
77.984	-0.126337777
77.988	-0.12235693
77.992	-0.069491283
77.996	0.047386382
78	0.133691143
78.004	0.145633684
78.008	0.110442997
78.012	0.0625136
78.016	-0.013281725
78.02	-0.03732604
78.024	0.005348639
78.028	0.008055615
78.032	0.000571622
78.036	0.038150817
78.04	0.019679688
78.044	-0.026975838
78.048	-0.040988419
78.052	-0.05579717
78.056	-0.069172816
78.06	-0.036052169
78.064	-0.035733701
78.068	-0.071879791
78.072	-0.004523862
78.076	0.133372675
78.08	0.179072798
78.084	0.091812634
78.088	0.018883518
78.092	0.030189123
78.096	0.052322632
78.1	0.070952996
78.104	0.017768881
78.108	-0.109936688
78.112	-0.118057616
78.116	-0.064555033
78.12	-0.090987857
78.124	-0.105796607
78.128	-0.063918098
78.132	-0.040988419
78.136	-0.02952358
78.14	-0.011530152
78.144	0.038469285
78.148	0.057099648
78.152	0.09372344
78.156	0.177002757
78.16	0.062672834
78.164	-0.113121365
78.168	-0.03031975
78.172	0.066494447
78.176	-0.058822614
78.18	-0.141942697
78.184	-0.077134509
78.188	0.011081058
78.192	0.040857793
78.196	0.040857793
78.2	-0.030478984
78.204	-0.158343786
78.208	-0.084777735
78.212	0.148181426
78.216	0.242288647
78.22	0.137035054
78.224	-0.041784589
78.228	-0.145286608
78.232	-0.126974713
78.236	-0.078249147
78.24	0.016335776
78.244	0.148499894
78.248	0.232416146
78.252	0.174614249
78.256	0.046271745
78.26	0.018883518
78.264	0.045316342
78.268	-0.0841408
78.272	-0.241623104
78.276	-0.156751448
78.28	-0.039555315
78.284	-0.002613055
78.288	0.01155876
78.292	-0.06280346
78.296	-0.076179106
78.3	0.055029608
78.304	0.06537981
78.308	-0.015192531
78.312	0.000730856
78.316	0.03209993
78.32	0.044679406
78.324	0.049615656
78.328	0.019679688
78.332	0.027482147
78.336	0.017131945
78.34	-0.085892373
78.344	-0.090032453
78.348	-0.015829467
78.352	-0.010415515
78.356	0.006463276
78.36	0.076526181
78.364	0.104869811
78.368	0.01856505
78.372	0.00296013
78.376	0.040539325
78.38	-0.045606202
78.384	-0.105159672
78.388	-0.069968985
78.392	-0.030797451
78.396	0.02429747
78.4	0.044679406
78.404	-0.053249428
78.408	-0.108344349
78.412	-0.057071041
78.416	0.01076259
78.42	0.0427686
78.424	0.022386663
78.428	-0.009300878
78.432	0.006781744
78.436	0.032577632
78.44	0.065698278
78.444	0.12986953
78.448	0.151843805
78.452	0.070793762
78.456	-0.023791161
78.46	-0.069332049
78.464	-0.052771726
78.468	0.05757735
78.472	0.117926989
78.476	-0.051020154
78.48	-0.229839797
78.484	-0.180158827
78.488	0.054233439
78.492	0.32333869
78.496	0.191174572
78.5	-0.015033298
78.504	-0.097994147
78.508	-0.465983636
78.512	-0.609134891
78.516	0.102481303
78.52	0.408051112
78.524	-0.015510999
78.528	0.122863239
78.532	0.288625705
78.536	-0.011211685
78.54	0.071908399
78.544	0.208212597
78.548	0.042609366
78.552	0.009488719
78.556	0.021590494
78.56	-0.086051606
78.564	-0.162643101
78.568	-0.170286327
78.572	-0.095764873
78.576	0.027641381
78.58	-0.013440959
78.584	-0.135732576
78.588	-0.111210559
78.592	-0.073312896
78.596	-0.06646584
78.6	0.030029889
78.604	0.081462432
78.608	0.084328641
78.612	0.136557353
78.616	0.165060217
78.62	0.13560195
78.624	0.039424688
78.628	-0.068058178
78.632	-0.124745438
78.636	-0.1231531
78.64	-0.114872938
78.644	-0.077771445
78.648	-0.040351484
78.652	-0.012007854
78.656	0.02222743
78.66	0.047386382
78.664	0.065220576
78.668	0.068086786
78.672	0.095156545
78.676	0.120315497
78.68	0.088627956
78.684	0.014743437
78.688	0.002004727
78.692	-0.000224547
78.696	-0.042739992
78.7	-0.03445983
78.704	0.024934405
78.708	-0.080637655
78.712	-0.219011893
78.716	0.089742593
78.72	0.381936756
78.724	0.159964733
78.728	-0.100860357
78.732	-0.139394955
78.736	-0.147515883
78.74	-0.104045034
78.744	-0.048790879
78.748	-0.091624792
78.752	-0.136051044
78.756	-0.070287453
78.76	-0.041625355
78.764	0.157894692
78.768	0.294039657
78.772	0.030826059
78.776	-0.190031328
78.78	-0.133981003
78.784	-0.043695395
78.788	9.39207E-05
78.792	0.066016746
78.796	0.164900983
78.8	0.144837514
78.804	0.019998155
78.808	9.39207E-05
78.812	0.066972149
78.816	0.088627956
78.82	0.01076259
78.824	-0.10181576
78.828	-0.0841408
78.832	0.004552469
78.836	0.002323195
78.84	-0.043536161
78.844	-0.026657371
78.848	-0.040033016
78.852	-0.142101931
78.856	-0.147515883
78.86	-0.063281162
78.864	-0.018854911
78.868	0.01076259
78.872	0.072545334
78.876	0.108691424
78.88	0.100252029
78.884	0.106143682
78.888	0.059488157
78.892	-0.036052169
78.896	-0.081115356
78.9	-0.073790598
78.904	-0.046561605
78.908	0.014584203
78.912	0.088150254
78.916	0.078596222
78.92	0.025730575
78.924	-0.015510999
78.928	-0.005320031
78.932	0.037832349
78.936	0.034010736
78.94	0.03416997
78.944	0.017609647
78.948	0.008214848
78.952	0.029711422
78.956	0.012195695
78.96	0.019838921
78.964	-0.013440959
78.968	-0.125700842
78.972	-0.125541608
78.976	-0.05786721
78.98	-0.050223984
78.984	-0.054682533
78.988	-0.005638499
78.992	0.054074205
78.996	0.011717994
79	-0.053249428
79.004	-0.022039588
79.008	0.034806906
79.012	0.05964739
79.016	0.112672271
79.02	0.141971305
79.024	0.002800897
79.028	-0.167897819
79.032	-0.145286608
79.036	-0.027294306
79.04	0.061558197
79.044	0.123340941
79.048	0.163786346
79.052	0.191333806
79.056	-0.054682533
79.06	-0.378564237
79.064	-0.258501895
79.068	0.105984449
79.072	0.298179737
79.076	0.227161429
79.08	-0.087803179
79.084	-0.331271776
79.088	-0.171878666
79.092	0.137353522
79.096	0.211715742
79.1	0.077003883
79.104	-0.086688542
79.108	-0.185095078
79.112	-0.190190562
79.116	-0.117739148
79.12	0.079710859
79.124	0.272224616
79.128	0.224932154
79.132	0.138786627
79.136	0.134168845
79.14	0.11713082
79.144	0.053278035
79.148	-0.099108784
79.152	-0.103726567
79.156	-0.063918098
79.16	-0.162006166
79.164	-0.220604232
79.168	-0.212164837
79.172	-0.177292618
79.176	-0.024428096
79.18	0.005189405
79.184	-0.029842048
79.188	0.08385094
79.192	0.169837233
79.196	0.226524493
79.2	0.208053363
79.204	0.059488157
79.208	-0.069491283
79.212	-0.117261446
79.216	-0.089554752
79.22	-0.004683096
79.224	0.070952996
79.228	0.120633965
79.232	0.087991021
79.236	-0.002294587
79.24	-0.126974713
79.244	-0.171560198
79.248	-0.067898945
79.252	0.017768881
79.256	0.01076259
79.26	0.027004446
79.264	0.050889527
79.268	0.087035617
79.272	0.134009611
79.276	0.132576506
79.28	0.076526181
79.284	0.079710859
79.288	0.114742312
79.292	0.006940977
79.296	-0.196719151
79.3	-0.314392985
79.304	-0.272832944
79.308	-0.151337496
79.312	-0.031752855
79.316	0.007896381
79.32	-0.043695395
79.324	-0.068217412
79.328	-0.01184862
79.332	0.051207995
79.336	0.081780899
79.34	0.089742593
79.344	0.082258601
79.348	0.041494729
79.352	-0.035096766
79.356	-0.079045316
79.36	-0.000543015
79.364	0.242925582
79.368	0.38002595
79.372	0.144678281
79.376	-0.0253835
79.38	-0.055160234
79.384	-0.267737459
79.388	-0.488117144
79.392	-0.058026444
79.396	0.31059998
79.4	-0.007390071
79.404	-0.111369793
79.408	0.023501301
79.412	-0.069491283
79.416	0.032418398
79.42	0.25677893
79.424	0.204390984
79.428	0.129073361
79.432	0.143245176
79.436	0.041017027
79.44	-0.095287171
79.444	-0.105318905
79.448	-0.021084185
79.452	-0.002453821
79.456	-0.075701404
79.46	-0.127930116
79.464	-0.152929835
79.468	-0.166942416
79.472	-0.128885519
79.476	-0.044332331
79.48	-0.035096766
79.484	-0.021561886
79.488	0.06044356
79.492	0.12700332
79.496	0.098978158
79.5	0.003278598
79.504	0.011081058
79.508	0.122385538
79.512	0.164582515
79.516	0.089264892
79.52	-0.035256
79.524	-0.052453259
79.528	0.003915534
79.532	-0.003727692
79.536	-0.043536161
79.54	-0.049587049
79.544	-0.05579717
79.548	-0.037803742
79.552	0.01076259
79.556	0.065220576
79.56	0.094997311
79.564	0.028756018
79.568	-0.073949832
79.572	-0.147993584
79.576	-0.149108222
79.58	-0.036211403
79.584	0.036399245
79.588	-0.000543015
79.592	-0.023950395
79.596	-0.018217975
79.6	0.020794325
79.604	0.095952714
79.608	0.134487312
79.612	0.105984449
79.616	0.066653681
79.62	0.03703618
79.624	-0.005320031
79.628	-0.058344912
79.632	-0.077134509
79.636	-0.029045879
79.64	0.034010736
79.644	0.018246583
79.648	-0.043854629
79.652	-0.11455447
79.656	-0.121560761
79.66	-0.013122491
79.664	0.078755456
79.668	0.075889246
79.672	0.082099367
79.676	0.085284045
79.68	0.032736865
79.684	-0.025542733
79.688	-0.061051888
79.692	-0.058504146
79.696	-0.025224266
79.7	0.030985293
79.704	0.079233157
79.708	0.072226867
79.712	0.040061624
79.716	-0.0253835
79.72	-0.124745438
79.724	-0.189553626
79.728	-0.194967578
79.732	-0.147834351
79.736	-0.004683096
79.74	0.14754449
79.744	0.166334088
79.748	0.133372675
79.752	0.113149973
79.756	0.054392673
79.76	-0.010097047
79.764	-0.070446687
79.768	-0.079363784
79.772	-0.009937814
79.776	0.025889809
79.78	0.006940977
79.784	9.39207E-05
79.788	0.037991583
79.792	0.056462713
79.796	0.011081058
79.8	-0.033982129
79.804	-0.028568177
79.808	-0.005638499
79.812	0.048978721
79.816	0.086717149
79.82	0.052481866
79.824	0.030826059
79.828	0.012991865
79.832	-0.057230275
79.836	-0.071242856
79.84	-0.037166806
79.844	-0.063918098
79.848	-0.114236003
79.852	-0.107070478
79.856	-0.05006475
79.86	0.012673397
79.864	0.037832349
79.868	0.051048761
79.872	0.072067633
79.876	0.027004446
79.88	0.017291179
79.884	0.036717712
79.888	-0.041943823
79.892	-0.084459268
79.896	-0.130637092
79.9	-0.10468197
79.904	0.045475575
79.908	0.018405816
79.912	-0.117261446
79.916	-0.118057616
79.92	0.01936122
79.924	0.224135985
79.928	0.299294375
79.932	0.156939289
79.936	-0.056911807
79.94	-0.194171409
79.944	-0.078249147
79.948	0.234167719
79.952	0.347383005
79.956	0.176843524
79.96	-0.037166806
79.964	-0.160573061
79.968	-0.20038153
79.972	-0.147675117
79.976	-0.046720839
79.98	0.075730012
79.984	0.242129413
79.988	0.248817236
79.992	0.076366948
79.996	-0.104363502
80	-0.208820925
80.004	-0.250540201
80.008	-0.228565926
80.012	-0.257864959
80.016	-0.176814916
80.02	-0.016944104
80.024	0.011717994
80.028	0.017609647
80.032	0.056781181
80.036	0.127162554
80.04	0.198499331
80.044	0.250887276
80.048	0.229390703
80.052	0.13273574
80.056	-0.002135354
80.06	-0.136051044
80.064	-0.176496448
80.068	-0.099268018
80.072	-0.040829186
80.076	-0.070446687
80.08	-0.129522455
80.084	-0.121242293
80.088	0.009329486
80.092	0.056940415
80.096	0.004870937
80.1	0.018087349
80.104	0.015858074
80.108	0.005667106
80.112	0.108054489
80.116	0.190696871
80.12	0.110602231
80.124	-0.04305846
80.128	-0.109299752
80.132	-0.060574186
80.136	0.012195695
80.14	0.053437269
80.144	0.041494729
80.148	0.017609647
80.152	0.07111223
80.156	0.079551625
80.16	-0.015192531
80.164	-0.121401527
80.168	-0.150859794
80.172	-0.100701123
80.176	-0.022039588
80.18	0.028756018
80.184	0.028915252
80.188	-0.003886926
80.192	-0.052612492
80.196	-0.030797451
80.2	0.029074486
80.204	0.109646828
80.208	0.154869249
80.212	0.138149692
80.216	0.081940133
80.22	-0.005479265
80.224	-0.143535036
80.228	-0.159617657
80.232	0.044201704
80.236	0.131302635
80.24	-0.035415234
80.244	-0.066625074
80.248	-0.045446968
80.252	-0.383022786
80.256	-0.285253186
80.26	0.214263485
80.264	0.097385819
80.268	-0.027931242
80.272	0.269358406
80.276	0.309326109
80.28	0.155983886
80.284	0.126684852
80.288	0.027004446
80.292	-0.145923544
80.296	-0.13796185
80.3	-0.045446968
80.304	-0.046720839
80.308	-0.094172534
80.312	-0.149267455
80.316	-0.130637092
80.32	-0.056752573
80.324	-0.02952358
80.328	-0.033663661
80.332	-0.022835757
80.336	-6.53132E-05
80.34	0.022386663
80.344	0.041494729
80.348	0.06744985
80.352	0.12206707
80.356	0.13974203
80.36	0.083373238
80.364	0.058214286
80.368	0.044520172
80.372	0.021272026
80.376	0.053278035
80.38	0.036399245
80.384	-0.039077613
80.388	-0.059459549
80.392	-0.126019309
80.396	-0.192419836
80.4	-0.100541889
80.404	-0.010097047
80.408	0.003119364
80.412	0.052163398
80.416	0.100888964
80.42	0.071908399
80.424	0.017609647
80.428	-0.006593902
80.432	0.009807187
80.436	-0.014077894
80.44	-0.063758864
80.444	-0.042103057
80.448	-0.003090757
80.452	0.028278317
80.456	0.082736303
80.46	0.079551625
80.464	-0.025224266
80.468	-0.101497292
80.472	-0.128407818
80.476	-0.112006728
80.48	-0.062962694
80.484	-0.002772289
80.488	0.05550731
80.492	0.064902108
80.496	0.07604848
80.5	0.096111948
80.504	0.086876383
80.508	0.035443841
80.512	0.006304042
80.516	0.035762309
80.52	0.069042189
80.524	0.069838359
80.528	0.015221139
80.532	-0.022039588
80.536	0.040698559
80.54	0.033533035
80.544	-0.07920455
80.548	-0.136210278
80.552	-0.118376083
80.556	-0.084777735
80.56	-0.116306043
80.564	-0.120446124
80.568	0.021908962
80.572	0.17174804
80.576	0.1992955
80.58	0.108213723
80.584	-0.025861201
80.588	-0.123471567
80.592	-0.172674835
80.596	-0.164872375
80.6	-0.066306606
80.604	0.035443841
80.608	0.037195414
80.612	0.021272026
80.616	0.016972712
80.62	-0.042739992
80.624	-0.011689386
80.628	0.119519328
80.632	0.164741749
80.636	0.129551062
80.64	0.091494166
80.644	0.051526463
80.648	0.007100211
80.652	0.009170252
80.656	0.055348076
80.66	0.019998155
80.664	-0.09114709
80.668	-0.115191406
80.672	-0.099904954
80.676	-0.033345193
80.68	0.049456422
80.684	0.044997874
80.688	0.001208558
80.692	-0.075542171
80.696	-0.110732857
80.7	-0.088440115
80.704	-0.105159672
80.708	-0.106274309
80.712	-0.094172534
80.716	-0.066784307
80.72	0.040857793
80.724	0.130665699
80.728	0.178595096
80.732	0.237352397
80.736	0.205664855
80.74	0.152958442
80.744	0.096748884
80.748	0.001049324
80.752	-0.008186241
80.756	0.001527026
80.76	-0.103567333
80.764	-0.117898382
80.768	0.034806906
80.772	-0.05006475
80.776	-0.340029639
80.78	-0.379519641
80.784	-0.143375802
80.788	0.096271182
80.792	0.212352678
80.796	0.178435862
80.8	-0.030797451
80.804	-0.14576431
80.808	0.027641381
80.812	0.205505621
80.816	0.211715742
80.82	0.115697715
80.824	-0.063281162
80.828	-0.156114512
80.832	-0.133662536
80.836	-0.162324633
80.84	-0.089554752
80.844	0.103118239
80.848	0.177798927
80.852	0.20216171
80.856	0.20709796
80.86	0.080188561
80.864	-0.067739711
80.868	-0.136847213
80.872	-0.063440396
80.876	-0.015351765
80.88	-0.008823176
80.884	-0.056434105
80.888	-0.092420962
80.892	-0.056593339
80.896	0.016654244
80.9	0.047386382
80.904	-0.030478984
80.908	-0.077930679
80.912	-0.013122491
80.916	0.022864365
80.92	-0.022994991
80.924	-0.047517008
80.928	-0.012167088
80.932	0.063787471
80.936	0.077003883
80.94	-0.069809751
80.944	-0.162165399
80.948	-0.082229993
80.952	0.030029889
80.956	0.052004164
80.96	0.041335495
80.964	0.132576506
80.968	0.188945298
80.972	0.118563925
80.976	0.066653681
80.98	0.03130376
80.984	-0.02745354
80.988	-0.072198259
80.992	-0.058504146
80.996	0.023979002
81	0.067290617
81.004	0.074774609
81.008	0.049615656
81.012	-0.041306887
81.016	-0.145286608
81.02	-0.177611085
81.024	-0.1428981
81.028	-0.06566967
81.032	-0.023313459
81.036	-0.062166525
81.04	-0.055956404
81.044	0.018724284
81.048	0.04483864
81.052	0.070156826
81.056	0.071430697
81.06	0.036876946
81.064	0.055666544
