
26.124	-0.008507929	
26.128	0.055787487	
26.132	-0.26872843	
26.136	0.064584123	
26.14	-0.165727814	
26.144	-0.072003651	
26.148	-0.124143714	
26.152	-0.144296009	
26.156	0.12184223	
26.16	-0.008188051	
26.164	0.305611963	
26.168	0.147112567	
26.172	0.116884126	
26.176	0.042352624	
26.18	-0.097273988	
26.184	-0.006748602	
26.188	-0.206352281	
26.192	-0.018744015	
26.196	-0.093595395	
26.2	0.088415011	
26.204	-0.066885608	
26.208	-0.047373068	
26.212	-0.187479497	
26.216	-0.091836067	
26.22	0.151910733	
26.224	0.078178925	
26.228	0.222123886	
26.232	0.181819297	
26.236	-0.066885608	
26.24	-0.140137599	
26.244	-0.060168176	
26.248	0.017722042	
26.252	0.35999117	
26.256	0.288338568	
26.26	-0.57069297	
26.264	-0.936153231	
26.268	-0.327106109	
26.272	0.586464575	
26.276	1.006623921	
26.28	0.834529724	
26.284	0.284340096	
26.288	-0.35317614	
26.292	-0.732870959	
26.296	-0.552140064	
26.3	-0.049292335	
26.304	0.317287499	
26.308	0.112565777	
26.312	-0.350617119	
26.316	-0.474089907	
26.32	-0.226504575	
26.324	0.106328162	
26.328	0.175101865	
26.332	0.205970062	
26.336	0.216526026	
26.34	0.094332748	
26.344	0.123601557	
26.348	0.302573125	
26.352	0.082337335	
26.356	-0.050251968	
26.36	0.022840085	
26.364	0.005246812	
26.368	-0.176603655	
26.372	-0.294478584	
26.376	0.075779842	
26.38	0.145033362	
26.384	0.101210119	
26.388	0.043152318	
26.392	-0.134699678	
26.396	0.029717455	
26.4	-0.059208543	
26.404	-0.352696324	
26.408	-0.478088378	
26.412	-0.314950756	
26.416	0.149991467	
26.42	0.330722362	
26.424	0.177660887	
26.428	0.149991467	
26.432	0.165825412	
26.436	0.070821738	
26.44	-0.103671542	
26.444	-0.160449832	
26.448	-0.14829448	
26.452	-0.095034844	
26.456	0.058506447	
26.46	0.162786574	
26.464	0.134477399	
26.468	0.055947426	
26.472	-0.011226889	
26.476	-0.083999064	
26.48	-0.15101344	
26.484	-0.108469707	
26.488	0.022360268	
26.492	0.298254776	
26.496	0.511773134	
26.5	0.313289027	
26.504	0.20069208	
26.508	0.226602173	
26.512	-0.309192958	
26.516	-0.829314082	
26.52	-0.572292358	
26.524	0.298734593	
26.528	0.720813205	
26.532	0.260189331	
26.536	-0.247296625	
26.54	-0.393800607	
26.544	-0.237700294	
26.548	-0.094714967	
26.552	0.038993908	
26.556	0.114165165	
26.56	0.02347984	
26.564	-0.067845241	
26.568	-0.050571845	
26.572	0.127120212	
26.576	0.251712572	
26.58	0.19109575	
26.584	-0.496001529	
26.588	-0.919039775	
26.592	0.404614108	
26.596	1.097149308	
26.6	0.259229698	
26.604	-0.466412843	
26.608	-0.463374005	
26.612	-0.093915272	
26.616	0.09129391	
26.62	0.029557516	
26.624	-0.048972457	
26.628	-0.024821691	
26.632	-0.01666481	
26.636	-0.052331173	
26.64	-0.081599981	
26.644	-0.02642108	
26.648	0.092573421	
26.652	0.122641924	
26.656	0.16054743	
26.66	0.203730918	
26.664	0.145673118	
26.668	-0.004669397	
26.672	-0.147814663	
26.676	-0.077281632	
26.68	0.054827854	
26.684	-0.044973986	
26.688	-0.145735458	
26.692	-0.115666955	
26.696	-0.057609155	
26.7	0.021240696	
26.704	0.070661799	
26.708	0.040913174	
26.712	0.000448646	
26.716	0.049389933	
26.72	0.050989321	
26.724	0.054507976	
26.728	0.104568834	
26.732	0.07609972	
26.736	-0.055210072	
26.74	-0.13997766	
26.744	0.014043448	
26.748	0.110166694	
26.752	0.003167607	
26.756	-0.170046163	
26.76	-0.342460238	
26.764	-0.169886224	
26.768	0.255391165	
26.772	0.333601261	
26.776	0.053868221	
26.78	-0.214029345	
26.784	-0.145735458	
26.788	0.08169758	
26.792	0.150311344	
26.796	0.132078316	
26.8	0.218605231	
26.804	0.375985055	
26.808	0.282740708	
26.812	-0.18012231	
26.816	-0.490883486	
26.82	-0.418111312	
26.824	-0.025461447	
26.828	0.194294527	
26.832	0.183898502	
26.836	0.167904617	
26.84	-0.142056865	
26.844	-0.308553203	
26.848	-0.312871551	
26.852	0.073860576	
26.856	-0.008667868	
26.86	0.256510737	
26.864	0.066983206	
26.868	0.22292358	
26.872	0.0290777	
26.876	0.139915319	
26.88	-0.080320471	
26.884	0.006206445	
26.888	-0.047053191	
26.892	0.037234581	
26.896	0.039313786	
26.9	-0.024181936	
26.904	-0.030259612	
26.908	-0.133260228	
26.912	0.09545232	
26.916	-0.040975515	
26.92	0.136556604	
26.924	-0.07072414	
26.928	0.085696051	
26.932	-0.069444629	
26.936	0.100730302	
26.94	0.064904001	
26.944	0.249793306	
26.948	0.250113184	
26.952	0.077059353	
26.956	0.022680146	
26.96	-0.200114666	
26.964	-0.108949524	
26.968	-0.335103051	
26.972	-0.156451361	
26.976	-0.253374301	
26.98	-0.022582547	
26.984	-0.10814983	
26.988	-0.019543709	
26.992	0.014203387	
26.996	-0.01666481	
27	0.143593913	
27.004	-0.119345549	
27.008	0.411171601	
27.012	0.045871278	
27.016	0.443319309	
27.02	0.000128769	
27.024	0.31424866	
27.028	-0.026581019	
27.032	0.061065469	
27.036	-0.262970632	
27.04	-0.06656573	
27.044	-0.010267256	
27.048	0.100090547	
27.052	0.071461494	
27.056	-0.012026584	
27.06	0.020920818	
27.064	-0.074722611	
27.068	-0.139497843	
27.072	-0.203473381	
27.076	-0.042414964	
27.08	-0.2784847	
27.084	0.163106452	
27.088	-0.062087442	
27.092	0.375345299	
27.096	0.268506151	
27.1	0.099290853	
27.104	-0.030099673	
27.108	-0.070564201	
27.112	-0.024021997	
27.116	0.081857518	
27.12	0.142474341	
27.124	-0.006108846	
27.128	-0.125743103	
27.132	-0.198835155	
27.136	-0.253854118	
27.14	-0.069124751	
27.144	0.233799421	
27.148	0.430524201	
27.152	0.153989938	
27.156	-0.099033315	
27.16	-0.515674007	
27.164	-0.34357981	
27.168	-0.076641877	
27.172	0.54424072	
27.176	0.40717313	
27.18	0.27554346	
27.184	-0.275765739	
27.188	-0.413952902	
27.192	-0.560616823	
27.196	-0.167167263	
27.2	-0.046093558	
27.204	0.323525114	
27.208	0.064264245	
27.212	0.355512883	
27.216	-0.203953198	
27.22	0.019801247	
27.224	-0.165727814	
27.228	0.229161195	
27.232	0.237318076	
27.236	0.201811652	
27.24	0.302253247	
27.244	-0.011866645	
27.248	-0.063686831	
27.252	0.035475253	
27.256	0.150791161	
27.26	0.141994524	
27.264	0.057546814	
27.268	-0.034897839	
27.272	-0.102871848	
27.276	-0.052970928	
27.28	-0.028500285	
27.284	-0.069604568	
27.288	-0.080640348	
27.292	-0.061127809	
27.296	0.00956516	
27.3	-0.006428724	
27.304	0.013883509	
27.308	-0.004669397	
27.312	0.141834585	
27.316	-0.104471236	
27.32	0.090334277	
27.324	-0.150213746	
27.328	0.181979236	
27.332	-0.105430869	
27.336	0.165025718	
27.34	0.155589326	
27.344	-0.001630559	
27.348	-0.004989274	
27.352	0.03179666	
27.356	0.110166694	
27.36	-0.05680946	
27.364	-0.200114666	
27.368	-0.278644639	
27.372	-0.210990507	
27.376	0.296015632	
27.38	0.565992403	
27.384	0.169823883	
27.388	-0.283762682	
27.392	-0.374767885	
27.396	-0.205392647	
27.4	-0.097593866	
27.404	0.005726628	
27.408	0.101849874	
27.412	0.063784429	
27.416	0.016122653	
27.42	0.009725099	
27.424	0.099290853	
27.428	0.055947426	
27.432	0.185337951	
27.436	0.167104923	
27.44	-0.0540905	
27.444	0.005246812	
27.448	-0.067365424	
27.452	-0.115507016	
27.456	-0.108949524	
27.46	-0.043694475	
27.464	0.077379231	
27.468	0.133197888	
27.472	0.119763025	
27.476	0.208848962	
27.48	0.417569154	
27.484	-0.055849827	
27.488	-1.377424505	
27.492	-0.635468202	
27.496	0.930812909	
27.5	0.529846224	
27.504	-0.150853501	
27.508	-0.354295712	
27.512	-0.061287748	
27.516	0.413730622	
27.52	0.463631542	
27.524	0.10105018	
27.528	-0.248096319	
27.532	-0.269368186	
27.536	-0.129901513	
27.54	0.089854461	
27.544	0.033076171	
27.548	-0.167327202	
27.552	-0.179162677	
27.556	-0.104631175	
27.56	-0.01666481	
27.564	0.117044064	
27.568	0.035315315	
27.572	-0.050411906	
27.576	0.256670676	
27.58	0.391179245	
27.584	0.131278622	
27.588	-0.130381329	
27.592	-0.238979805	
27.596	-0.184440659	
27.6	0.036434886	
27.604	0.224842846	
27.608	0.039153847	
27.612	-0.116306711	
27.616	-0.19947491	
27.62	-0.110229035	
27.624	-0.144296009	
27.628	-0.125583164	
27.632	-0.133100289	
27.636	-3.11703E-05	
27.64	0.362390253	
27.644	0.170463639	
27.648	0.056907059	
27.652	-0.010107318	
27.656	-0.084478881	
27.66	0.324324808	
27.664	0.311849578	
27.668	-0.063207014	
27.672	-0.226824453	
27.676	-0.249055952	
27.68	-0.01810426	
27.684	-0.13997766	
27.688	-0.246816808	
27.692	-0.06656573	
27.696	-0.077281632	
27.7	0.048910116	
27.704	0.055627548	
27.708	0.009885038	
27.712	0.184858135	
27.716	0.18133948	
27.72	0.194934282	
27.724	0.207409512	
27.728	0.039633663	
27.732	-0.039855943	
27.736	-0.101272459	
27.74	-0.096634233	
27.744	0.004287179	
27.748	-0.083839125	
27.752	-0.141097232	
27.756	-0.026581019	
27.76	0.097211648	
27.764	0.204210735	
27.768	0.113205532	
27.772	-0.062727198	
27.776	-0.15789081	
27.78	-0.192277662	
27.784	-0.198035461	
27.788	-0.127342491	
27.792	0.003647423	
27.796	0.08585599	
27.8	0.071621432	
27.804	0.020281063	
27.808	-0.069124751	
27.812	-0.037616799	
27.816	-0.105430869	
27.82	-0.005948908	
27.824	0.320806153	
27.828	0.158468225	
27.832	-0.095514661	
27.836	0.062025102	
27.84	0.240996669	
27.844	0.237318076	
27.848	0.244035507	
27.852	0.148711956	
27.856	-0.029459918	
27.86	-0.241378888	
27.864	-0.407395409	
27.868	-0.306793875	
27.872	-0.126702736	
27.876	-0.060328115	
27.88	0.023639779	
27.884	0.061705224	
27.888	0.096411953	
27.892	0.155909204	
27.896	0.236678321	
27.9	0.144073729	
27.904	-0.107670013	
27.908	-0.276085617	
27.912	-0.259451977	
27.916	-0.131980718	
27.92	-0.036177349	
27.924	0.031156905	
27.928	0.080578008	
27.932	0.092413482	
27.936	0.102169752	
27.94	0.109846816	
27.944	0.043792073	
27.948	-0.02770059	
27.952	0.011484427	
27.956	0.110326633	
27.96	0.12184223	
27.964	0.014203387	
27.968	-0.074082856	
27.972	-0.181081943	
27.976	-0.290160235	
27.98	-0.130381329	
27.984	0.151910733	
27.988	0.254591471	
27.992	0.247714101	
27.996	0.147912262	
28	-0.117106405	
28.004	-0.487844648	
28.008	-0.55405933	
28.012	-0.18843913	
28.016	0.246914407	
28.02	0.582626043	
28.024	0.550158457	
28.028	0.160067614	
28.032	-0.193877051	
28.036	-0.318949228	
28.04	-0.221386532	
28.044	-0.074402733	
28.048	0.020441002	
28.052	0.165825412	
28.056	0.207569451	
28.06	0.111766083	
28.064	-0.067205485	
28.068	-0.197075828	
28.072	-0.229863291	
28.076	-0.2146691	
28.08	-0.080160532	
28.084	0.095612259	
28.088	0.199892386	
28.092	0.203411041	
28.096	0.11624437	
28.1	-0.0125064	
28.104	-0.091196312	
28.108	-0.030419551	
28.112	0.098171281	
28.116	-0.003709764	
28.12	-0.041935148	
28.124	0.071461494	
28.128	0.072261188	
28.132	0.031476782	
28.136	-0.008188051	
28.14	-0.04017582	
28.144	-0.098553499	
28.148	-0.134219861	
28.152	-0.057769093	
28.156	0.008125711	
28.16	0.023000023	
28.164	0.023319901	
28.168	-0.000191109	
28.172	0.03035721	
28.176	0.095612259	
28.18	0.096411953	
28.184	0.009725099	
28.188	-0.056169705	
28.192	-0.078881021	
28.196	-0.098873377	
28.2	-0.080320471	
28.204	-0.043214658	
28.208	-0.007388357	
28.212	-0.042095087	
28.216	-0.025141569	
28.22	0.054507976	
28.224	0.062185041	
28.228	0.123121741	
28.232	0.090334277	
28.236	-0.042414964	
28.24	-0.053930561	
28.244	-0.051531478	
28.248	0.037714397	
28.252	0.117363942	
28.256	0.045391462	
28.26	-0.089916801	
28.264	-0.101432398	
28.268	-0.023222303	
28.272	-0.012186522	
28.276	-0.028820162	
28.28	0.006686261	
28.284	0.078178925	
28.288	0.067622961	
28.292	-0.015065422	
28.296	-0.131820779	
28.3	-0.091836067	
28.304	0.058026631	
28.308	0.176221437	
28.312	0.163106452	
28.316	0.128239784	
28.32	0.019801247	
28.324	-0.485125688	
28.328	-0.665376766	
28.332	0.3308823	
28.336	0.836129112	
28.34	0.293136733	
28.344	-0.326626292	
28.348	-0.501759328	
28.352	-0.210510691	
28.356	0.14951165	
28.36	0.355033066	
28.364	0.320006459	
28.368	0.119443147	
28.372	-0.078401204	
28.376	-0.244097848	
28.38	-0.299916505	
28.384	-0.221386532	
28.388	-0.053770622	
28.392	0.051948954	
28.396	0.094332748	
28.4	0.063464551	
28.404	-0.027860529	
28.408	-0.010107318	
28.412	0.049549872	
28.416	0.13703642	
28.42	0.161347125	
28.424	0.045871278	
28.428	-0.102392031	
28.432	-0.221226593	
28.436	-0.194836684	
28.44	-0.040335759	
28.444	0.073860576	
28.448	0.123121741	
28.452	0.13287801	
28.456	0.116084431	
28.46	0.050509505	
28.464	-0.054410378	
28.468	-0.05265105	
28.472	0.022840085	
28.476	0.048590239	
28.48	0.088894828	
28.484	0.095612259	
28.488	0.032276476	
28.492	-0.051851356	
28.496	-0.094075211	
28.5	-0.11774616	
28.504	-0.048972457	
28.508	0.025878923	
28.512	-0.078081327	
28.516	-0.079520776	
28.52	0.034835498	
28.524	0.074820209	
28.528	0.031476782	
28.532	-0.076641877	
28.536	-0.095194783	
28.54	-0.004029641	
28.544	0.083296968	
28.548	0.075140087	
28.552	-0.000351048	
28.556	-0.069604568	
28.56	-0.0540905	
28.564	0.068582594	
28.568	0.098491158	
28.572	0.018681675	
28.576	-0.12750243	
28.58	-0.141736987	
28.584	-0.073762978	
28.588	0.01932143	
28.592	0.075140087	
28.596	0.059945897	
28.6	0.036754764	
28.604	0.02491929	
28.608	0.055947426	
28.612	0.089694522	
28.616	0.041552929	
28.62	-0.060488054	
28.624	-0.074402733	
28.628	-0.058568788	
28.632	0.090174338	
28.636	0.063784429	
28.64	0.257630309	
28.644	0.033076171	
28.648	-0.141736987	
28.652	-0.150853501	
28.656	-0.157251055	
28.66	0.081217763	
28.664	-0.113427811	
28.668	-0.039536065	
28.672	-0.143496314	
28.676	-0.078401204	
28.68	0.015003081	
28.684	-0.023542181	
28.688	0.172382905	
28.692	0.041872807	
28.696	0.137516237	
28.7	0.025878923	
28.704	0.15782847	
28.708	0.077059353	
28.712	-0.097913744	
28.716	-0.078401204	
28.72	-0.072003651	
28.724	0.162146819	
28.728	-0.028660224	
28.732	-0.038096615	
28.736	-0.106870319	
28.74	-0.162848915	
28.744	0.013243754	
28.748	-0.219947082	
28.752	0.241476486	
28.756	0.135437032	
28.76	0.166944984	
28.764	-0.004509458	
28.768	-0.244577665	
28.772	0.049869749	
28.776	-0.210830568	
28.78	0.212367616	
28.784	0.028437944	
28.788	0.135277093	
28.792	0.03867403	
28.796	-0.268088675	
28.8	0.120722658	
28.804	-0.161889282	
28.808	0.118643453	
28.812	0.142794218	
28.816	-0.237540355	
28.82	0.25890982	
28.824	-0.146535152	
28.828	-0.242018643	
28.832	0.094332748	
28.836	0.333121444	
28.84	0.200052325	
28.844	-0.047852885	
28.848	-0.208431486	
28.852	-0.180282249	
28.856	-0.036337288	
28.86	0.032116538	
28.864	-0.063047075	
28.868	0.015003081	
28.872	0.317447437	
28.876	0.324324808	
28.88	-0.032018939	
28.884	-0.337662072	
28.888	-0.209391119	
28.892	0.051469138	
28.896	0.16614529	
28.9	0.103449263	
28.904	-0.048012824	
28.908	-0.180602126	
28.912	-0.065766036	
28.916	-0.144935764	
28.92	-0.282803049	
28.924	-0.117266344	
28.928	0.116724187	
28.932	0.060745591	
28.936	0.174781988	
28.94	0.118483514	
28.944	0.185178012	
28.948	-0.131500901	
28.952	-0.086877963	
28.956	0.066823267	
28.96	0.137676175	
28.964	0.389419918	
28.968	0.057706753	
28.972	0.09689177	
28.976	-0.014585605	
28.98	-0.19115809	
28.984	0.083776785	
28.988	-0.263450448	
28.992	-0.044494169	
28.996	-0.062087442	
29	-0.424348927	
29.004	0.101210119	
29.008	-0.033138511	
29.012	-0.156771239	
29.016	0.074340393	
29.02	-0.06656573	
29.024	0.314568538	
29.028	0.089214705	
29.032	-0.163008853	
29.036	-0.206192342	
29.04	-0.029779795	
29.044	0.094332748	
29.048	0.127919906	
29.052	0.069862105	
29.056	0.015802775	
29.06	0.155589326	
29.064	0.424606464	
29.068	-0.02770059	
29.072	-0.440182872	
29.076	-0.524790521	
29.08	-0.009467562	
29.084	0.159587797	
29.088	0.377584443	
29.092	0.154309815	
29.096	0.072581065	
29.1	0.018041919	
29.104	-0.044654108	
29.108	-0.11646665	
29.112	-0.251934851	
29.116	-0.023542181	
29.12	-0.362612532	
29.124	0.043152318	
29.128	0.028118066	
29.132	-0.042414964	
29.136	0.495619311	
29.14	-0.022422609	
29.144	0.10105018	
29.148	0.061225407	
29.152	0.126960273	
29.156	0.167104923	
29.16	0.06922235	
29.164	0.023639779	
29.168	-0.210030874	
29.172	-0.733030898	
29.176	-0.428347398	
29.18	0.875953885	
29.184	0.912739819	
29.188	-0.306473998	
29.192	-0.96126363	
29.196	-0.591165142	
29.2	0.018361797	
29.204	0.296655388	
29.208	0.320486275	
29.212	0.078498803	
29.216	-0.086398147	
29.22	-0.089596924	
29.224	-0.072483467	
29.228	0.053868221	
29.232	-0.000510987	
29.236	0.121682291	
29.24	0.054667915	
29.244	0.12456119	
29.248	0.087935195	
29.252	0.031316843	
29.256	0.106488101	
29.26	0.045711339	
29.264	0.082017457	
29.268	-0.056169705	
29.272	-0.136938822	
29.276	-0.148454419	
29.28	-0.23834005	
29.284	-0.136459005	
29.288	-0.052970928	
29.292	-0.04305472	
29.296	0.068582594	
29.3	0.149191772	
29.304	0.010044977	
29.308	0.123441618	
29.312	0.13847587	
29.316	0.117843759	
29.32	0.201811652	
29.324	0.073060882	
29.328	-0.073762978	
29.332	-0.107989891	
29.336	-0.125103347	
29.34	-0.118865732	
29.344	-0.121584693	
29.348	-0.134539739	
29.352	-0.108309768	
29.356	0.005726628	
29.36	0.110806449	
29.364	0.146152934	
29.368	0.096731831	
29.372	0.075140087	
29.376	0.113685349	
29.38	0.034195743	
29.384	-0.103671542	
29.388	-0.122864203	
29.392	-0.049612212	
29.396	0.00540675	
29.4	-0.033138511	
29.404	-0.008188051	
29.408	0.054987792	
29.412	0.080418069	
29.416	0.046670973	
29.42	-0.110069096	
29.424	-0.21882751	
29.428	-0.117106405	
29.432	0.129839172	
29.436	0.28801869	
29.44	0.223883213	
29.444	0.077699108	
29.448	-0.092955639	
29.452	-0.158850444	
29.456	0.07609972	
29.46	0.160707369	
29.464	-0.014585605	
29.468	-0.231942496	
29.472	-0.271447391	
29.476	-0.163648609	
29.48	-0.051691417	
29.484	0.027318372	
29.488	0.026678617	
29.492	0.072581065	
29.496	0.03323611	
29.5	-0.134219861	
29.504	-0.156291422	
29.508	-0.010747073	
29.512	0.190935811	
29.516	0.226122357	
29.52	0.03035721	
29.524	-0.036817105	
29.528	0.151270977	
29.532	0.258589942	
29.536	0.229161195	
29.54	0.053068526	
29.544	-0.166047692	
29.548	-0.163008853	
29.552	-0.066885608	
29.556	-0.027380713	
29.56	-0.034577961	
29.564	-0.059208543	
29.568	-0.02226267	
29.572	0.004766995	
29.576	-0.016025055	
29.58	-0.025141569	
29.584	0.032596354	
29.588	-0.025941263	
29.592	-0.049612212	
29.596	0.021080757	
29.6	-0.011066951	
29.604	-0.088477352	
29.608	-0.101752276	
29.612	-0.037136982	
29.616	-0.00834799	
29.62	0.000928463	
29.624	-0.014585605	
29.628	-0.01810426	
29.632	0.044431829	
29.636	0.136876481	
29.64	0.213647127	
29.644	0.168704311	
29.648	0.062025102	
29.652	0.026998495	
29.656	-0.006748602	
29.66	-0.136938822	
29.664	-0.22858378	
29.668	-0.202193871	
29.672	-0.090396618	
29.676	0.036914703	
29.68	0.063304612	
29.684	0.001728157	
29.688	-0.068325057	
29.692	-0.004989274	
29.696	0.18133948	
29.7	0.180859664	
29.704	0.011164549	
29.708	-0.04433423	
29.712	0.006686261	
29.716	0.041552929	
29.72	-0.041135453	
29.724	-0.011066951	
29.728	-0.057129338	
29.732	0.224203091	
29.736	-0.068325057	
29.74	-0.120145243	
29.744	0.025239167	
29.748	-0.233222007	
29.752	0.165185657	
29.756	-0.278164822	
29.76	0.233639483	
29.764	-0.080480409	
29.768	0.010044977	
29.772	0.225002785	
29.776	-0.460655044	
29.78	0.388620224	
29.784	0.041872807	
29.788	0.090494216	
29.792	-0.282003354	
29.796	-0.057609155	
29.8	0.038514091	
29.804	0.31712756	
29.808	0.132718071	
29.812	0.000448646	
29.816	-0.132780412	
29.82	-0.260731488	
29.824	-0.263770326	
29.828	-0.189878579	
29.832	0.19237526	
29.836	0.225322663	
29.84	0.124401251	
29.844	-0.233222007	
29.848	-0.119985304	
29.852	-0.202033932	
29.856	-0.130861146	
29.86	-0.006268785	
29.864	0.219404925	
29.868	0.003007668	
29.872	0.092893299	
29.876	0.198292998	
29.88	0.054827854	
29.884	-0.139177966	
29.888	-0.088157474	
29.892	0.256990554	
29.896	0.500897293	
29.9	0.460912582	
29.904	0.061705224	
29.908	-0.068804874	
29.912	0.078498803	
29.916	0.052108893	
29.92	0.098651097	
29.924	-0.121584693	
29.928	0.021560574	
29.932	-0.251614974	
29.936	-0.143176437	
29.94	-0.368210392	
29.944	0.217965476	
29.948	0.128079845	
29.952	-0.007708235	
29.956	-0.265529653	
29.96	0.00956516	
29.964	0.048110422	
29.968	-0.042095087	
29.972	-0.068964813	
29.976	0.030517149	
29.98	0.094492687	
29.984	0.057066997	
29.988	-0.027860529	
29.992	0.23955722	
29.996	0.137836114	
30	-0.378766356	
30.004	-0.392201219	
30.008	0.108567306	
30.012	0.501217171	
30.016	0.356472516	
30.02	-0.038096615	
30.024	-0.254653812	
30.028	-0.208111608	
30.032	0.052268832	
30.036	0.02347984	
30.04	0.014683203	
30.044	-0.224905187	
30.048	-0.071523834	
30.052	-0.150853501	
30.056	0.144393607	
30.06	-0.194836684	
30.064	0.496898822	
30.068	-0.034577961	
30.072	0.744164276	
30.076	0.180859664	
30.08	0.508574357	
30.084	-0.137098761	
30.088	-0.308713141	
30.092	-0.222346165	
30.096	-0.712718664	
30.1	0.067463022	
30.104	-0.337502134	
30.108	0.43756151	
30.112	0.097371586	
30.116	-0.194356867	
30.12	0.10376914	
30.124	-0.043854414	
30.128	0.085696051	
30.132	-0.113427811	
30.136	-0.047053191	
30.14	0.174622049	
30.144	-0.143976131	
30.148	0.105528468	
30.152	-0.210990507	
30.156	0.013563632	
30.16	-0.275125984	
30.164	-0.071044018	
30.168	-0.198995094	
30.172	0.045551401	
30.176	-0.110548912	
30.18	0.052428771	
30.184	0.001408279	
30.188	0.256670676	
30.192	0.03739452	
30.196	-0.259931794	
30.2	-0.682970039	
30.204	-0.070884079	
30.208	0.596700661	
30.212	0.486502797	
30.216	-0.128462063	
30.22	-0.05968836	
30.224	0.08585599	
30.228	0.204210735	
30.232	0.157988409	
30.236	0.0677829	
30.24	0.028757822	
30.244	0.010364855	
30.248	0.006366384	
30.252	0.137516237	
30.256	0.268026334	
30.26	0.265627252	
30.264	-0.014105789	
30.268	-0.195156561	
30.272	-0.340381033	
30.276	-0.363572165	
30.28	-0.092475823	
30.284	0.007485955	
30.288	0.045071584	
30.292	0.081537641	
30.296	-0.031859	
30.3	-0.024021997	
30.304	-0.168926591	
30.308	-0.066885608	
30.312	0.08857495	
30.316	0.030517149	
30.32	0.054667915	
30.324	-0.098233621	
30.328	-0.126382858	
30.332	0.058506447	
30.336	-0.263930265	
30.34	0.111446205	
30.344	-0.138698149	
30.348	0.183258746	
30.352	0.290097895	
30.356	0.501057232	
30.36	0.319206765	
30.364	0.16886425	
30.368	-0.07760151	
30.372	-0.15789081	
30.376	-0.174844328	
30.38	-0.220746777	
30.384	-0.251295096	
30.388	-0.222346165	
30.392	-0.117106405	
30.396	-0.047533007	
30.4	-0.038736371	
30.404	-0.016344932	
30.408	0.03595507	
30.412	0.044431829	
30.416	0.036754764	
30.42	0.082337335	
30.424	0.128559661	
30.428	0.113685349	
30.432	0.16470584	
30.436	0.193015016	
30.44	0.08585599	
30.444	-0.12190457	
30.448	-0.219787144	
30.452	-0.191637907	
30.456	-0.07904096	
30.46	-0.010267256	
30.464	-0.112947995	
30.468	-0.137258699	
30.472	-0.064326586	
30.476	-0.064486525	
30.48	-0.035057777	
30.484	0.117843759	
30.488	0.231880155	
30.492	0.096571892	
30.496	0.105528468	
30.5	0.21604621	
30.504	0.185657829	
30.508	-0.043854414	
30.512	-0.28392262	
30.516	-0.236100906	
30.52	-0.039536065	
30.524	0.023799718	
30.528	0.094332748	
30.532	0.103289324	
30.536	-0.05824891	
30.54	0.102329691	
30.544	0.109207061	
30.548	-0.171165735	
30.552	-0.104471236	
30.556	0.013243754	
30.56	-0.131340962	
30.564	-0.223945554	
30.568	-0.030419551	
30.572	0.091933666	
30.576	0.106648039	
30.58	0.060585652	
30.584	-0.105590808	
30.588	-0.085118636	
30.592	0.086335806	
30.596	0.09833122	
30.6	0.095132443	
30.604	0.149831528	
30.608	-0.276245556	
30.612	-0.134859617	
30.616	-0.085758391	
30.62	0.159907675	
30.624	0.395177716	
30.628	0.236198504	
30.632	0.11768382	
30.636	-0.054410378	
30.64	-0.420990211	
30.644	-0.257372772	
30.648	0.04427189	
30.652	0.210608289	
30.656	0.348315635	
30.66	0.083137029	
30.664	-0.020503342	
30.668	-0.092475823	
30.672	-0.306314059	
30.676	-0.254333934	
30.68	-0.280563905	
30.684	0.109207061	
30.688	0.08441654	
30.692	0.231080461	
30.696	0.062504918	
30.7	0.166305229	
30.704	-0.329985008	
30.708	0.249153551	
30.712	-0.633229058	
30.716	0.375025422	
30.72	-0.502878899	
30.724	0.634126351	
30.728	-0.275285923	
30.732	0.017722042	
30.736	-0.15933026	
30.74	-0.569733337	
30.744	0.625489653	
30.748	0.100250486	
30.752	0.603418093	
30.756	0.143114096	
30.76	-0.485285627	
30.764	0.122322046	
30.768	-0.075682244	
30.772	-0.101432398	
30.776	-0.051211601	
30.78	-0.207951669	
30.784	0.078018986	
30.788	-0.248736075	
30.792	0.072101249	
30.796	-0.154851972	
30.8	-0.442581955	
30.804	-0.188759008	
30.808	-0.165567875	
30.812	0.160707369	
30.816	0.231560278	
30.82	0.13847587	
30.824	0.423966708	
30.828	0.027158433	
30.832	-0.72583365	
30.836	0.041872807	
30.84	0.894026974	
30.844	0.443319309	
30.848	-0.167966958	
30.852	-0.280084088	
30.856	0.149031833	
30.86	0.308970679	
30.864	-0.062727198	
30.868	-0.113747689	
30.872	-0.138058394	
30.876	-0.236260845	
30.88	0.263548047	
30.884	0.236038565	
30.888	0.033076171	
30.892	0.312009517	
30.896	-0.064006708	
30.9	-0.494082263	
30.904	-0.152612829	
30.908	-0.135179494	
30.912	-0.141417109	
30.916	0.161347125	
30.92	-0.096634233	
30.924	-0.192917418	
30.928	0.142474341	
30.932	0.063144674	
30.936	-0.09423515	
30.94	0.009725099	
30.944	-0.082239737	
30.948	0.080418069	
30.952	0.040593296	
30.956	-0.15245289	
30.96	0.01100461	
30.964	0.081537641	
30.968	0.145033362	
30.972	0.091933666	
30.976	-0.161569404	
30.98	0.047150789	
30.984	-0.063686831	
30.988	0.221164253	
30.992	0.287218996	
30.996	-0.018584076	
31	-0.026740957	
31.004	-0.251774913	
31.008	-0.108949524	
31.012	0.05946608	
31.016	0.051789016	
31.02	0.113845287	
31.024	-0.015545238	
31.028	-0.076002122	
31.032	-0.073603039	
31.036	-0.03601741	
31.04	0.062664857	
31.044	0.045071584	
31.048	-0.084159003	
31.052	-0.188279191	
31.056	-0.064966341	
31.06	0.147912262	
31.064	0.206609818	
31.068	0.111286266	
31.072	-0.067365424	
31.076	-0.030419551	
31.08	-0.014105789	
31.084	-0.078561143	
31.088	-0.027060835	
31.092	0.061705224	
31.096	0.022360268	
31.1	-0.134219861	
31.104	-0.192117723	
31.108	-0.110069096	
31.112	0.017402164	
31.116	0.108247428	
31.12	0.087775256	
31.124	0.015642837	
31.128	0.035635192	
31.132	0.098651097	
31.136	0.094492687	
31.14	0.075619903	
31.144	-0.004989274	
31.148	-0.101432398	
31.152	-0.096794172	
31.156	-0.068644935	
31.16	-0.077441571	
31.164	-0.043694475	
31.168	-0.037296921	
31.172	-0.104311297	
31.176	-0.09839356	
31.18	0.020920818	
31.184	0.094012871	
31.188	0.081537641	
31.192	0.150631222	
31.196	0.255391165	
31.2	0.132398194	
31.204	0.019641308	
31.208	0.076739475	
31.212	0.016922347	
31.216	-0.235301212	
31.22	-0.237860233	
31.224	0.052108893	
31.228	0.169504006	
31.232	0.028597883	
31.236	-0.097433927	
31.24	-0.032018939	
31.244	-0.00562903	
31.248	-0.050251968	
31.252	0.059785958	
31.256	0.136236726	
31.26	0.028437944	
31.264	-0.070084384	
31.268	-0.124943408	
31.272	-0.14685503	
31.276	-0.051211601	
31.28	-0.012026584	
31.284	0.03451562	
31.288	0.125360884	
31.292	0.253791777	
31.296	-0.001630559	
31.3	-0.442581955	
31.304	-0.27704525	
31.308	0.084256601	
31.312	0.180859664	
31.316	0.081857518	
31.32	0.084096662	
31.324	0.048110422	
31.328	-0.01810426	
31.332	0.131118683	
31.336	0.342557836	
31.34	0.275703399	
31.344	0.184058441	
31.348	0.536723594	
31.352	-0.124463592	
31.356	-1.140874953	
31.36	-2.18271659	
31.364	-1.290577712	
31.368	0.902823611	
31.372	1.560012326	
31.376	1.149289371	
31.38	0.498658149	
31.384	-0.394920179	
31.388	-0.524150766	
31.392	-0.166047692	
31.396	0.297774959	
31.4	0.240836731	
31.404	0.306891474	
31.408	0.49162084	
31.412	0.012284121	
31.416	-0.740867901	
31.42	-0.381005499	
31.424	0.341278325	
31.428	0.096252015	
31.432	-0.725673711	
31.436	-0.611477375	
31.44	0.077699108	
31.444	0.43900096	
31.448	0.31296915	
31.452	0.0068462	
31.456	-0.265209776	
31.46	-0.204113137	
31.464	0.279861809	
31.468	0.57606855	
31.472	0.406693313	
31.476	-0.131500901	
31.48	-0.35461559	
31.484	-0.347098464	
31.488	-0.074082856	
31.492	0.128239784	
31.496	0.274903705	
31.5	0.25619086	
31.504	-0.040495698	
31.508	-0.044174292	
31.512	-0.295918034	
31.516	0.180219908	
31.52	-0.179322616	
31.524	0.187417156	
31.528	-0.234501517	
31.532	0.091933666	
31.536	-0.183481026	
31.54	0.012603999	
31.544	-0.006908541	
31.548	0.048750178	
31.552	-0.101272459	
31.556	-0.0347379	
31.56	-0.082239737	
31.564	-0.016504871	
31.568	-0.055050133	
31.572	0.110806449	
31.576	0.140235197	
31.58	-0.028340346	
31.584	-0.062727198	
31.588	-0.007548296	
31.592	0.241796364	
31.596	0.196053854	
31.6	0.07466027	
31.604	-0.206192342	
31.608	0.140874952	
31.612	-0.100312826	
31.616	0.150471283	
31.62	-0.249855646	
31.624	0.041872807	
31.628	-0.230982863	
31.632	0.191415627	
31.636	-0.089436985	
31.64	0.050989321	
31.644	-0.12606298	
31.648	-0.096794172	
31.652	0.160707369	
31.656	0.003167607	
31.66	0.232999727	
31.664	0.096092076	
31.668	-0.032498756	
31.672	-0.076481938	
31.676	-0.319908861	
31.68	-0.193877051	
31.684	-0.11358775	
31.688	0.015322959	
31.692	0.096571892	
31.696	-0.132460534	
31.7	-0.112947995	
31.704	-0.024821691	
31.708	-0.179962371	
31.712	-0.02914004	
31.716	0.20628994	
31.72	0.19653367	
31.724	0.323365175	
31.728	0.244195446	
31.732	-0.032498756	
31.736	-0.060008237	
31.74	0.062504918	
31.744	0.009085344	
31.748	-0.064806403	
31.752	0.077059353	
31.756	0.06922235	
31.76	-0.011546767	
31.764	0.059785958	
31.768	-0.143496314	
31.772	-0.82131714	
31.776	-0.528149237	
31.78	0.739366111	
31.784	0.797743789	
31.788	-0.202833626	
31.792	-0.386603359	
31.796	0.043792073	
31.8	0.235078932	
31.804	0.079938252	
31.808	-0.085118636	
31.812	-0.029459918	
31.816	-0.057769093	
31.82	-0.122864203	
31.824	-0.135499372	
31.828	0.023159962	
31.832	0.177820826	
31.836	0.09417281	
31.84	-0.046093558	
31.844	-0.139817721	
31.848	-0.150693562	
31.852	0.111766083	
31.856	0.531925429	
31.86	0.358071904	
31.864	-0.103191725	
31.868	-0.217068183	
31.872	-0.165567875	
31.876	-0.137418638	
31.88	-0.139177966	
31.884	-0.119505488	
31.888	0.347356001	
31.892	0.652679257	
31.896	0.12184223	
31.9	-0.486405198	
31.904	-0.637387468	
31.908	-0.607638843	
31.912	-0.241378888	
31.916	0.031956599	
31.92	0.061225407	
31.924	0.124241312	
31.928	0.19653367	
31.932	0.187097279	
31.936	0.14119483	
31.94	0.138635808	
31.944	0.122481985	
31.948	0.051309199	
31.952	0.001088402	
31.956	-0.025141569	
31.96	0.001408279	
31.964	-0.019223832	
31.968	-0.054410378	
31.972	-0.019703648	
31.976	0.011964243	
31.98	0.058826325	
31.984	0.002367912	
31.988	-0.110229035	
31.992	-0.140777354	
31.996	0.009725099	
32	0.137196359	
32.004	0.030037333	
32.008	0.126960273	
32.012	0.205490246	
32.016	0.369107684	
32.02	0.053228465	
32.024	0.07753917	
32.028	-0.212589896	
32.032	0.098651097	
32.036	-0.093595395	
32.04	-0.121104876	
32.044	-0.158690505	
32.048	-0.518392967	
32.052	0.271544989	
32.056	-0.405636082	
32.06	0.448437352	
32.064	-0.059848298	
32.068	-0.107829952	
32.072	0.24227618	
32.076	-0.473290213	
32.08	0.686586292	
32.084	-0.027220774	
32.088	0.564233076	
32.092	0.053228465	
32.096	-0.599002145	
32.1	-0.008028113	
32.104	-0.609078293	
32.108	0.461712276	
32.112	-0.148934235	
32.116	0.112245899	
32.12	0.136716542	
32.124	-0.217867877	
32.128	0.460432765	
32.132	-0.238180111	
32.136	0.294736121	
32.14	0.022840085	
32.144	-0.320388677	
32.148	0.163906146	
32.152	-0.118385916	
32.156	0.057706753	
32.16	-0.324227209	
32.164	-0.18843913	
32.168	-0.108469707	
32.172	0.232040094	
32.176	0.123601557	
32.18	0.03323611	
32.184	-0.213229651	
32.188	-0.14829448	
32.192	-0.077121694	
32.196	0.017402164	
32.2	0.176861192	
32.204	0.1287196	
32.208	0.075779842	
32.212	-0.045613741	
32.216	0.104089018	
32.22	0.044431829	
32.224	-0.022102731	
32.228	-0.101432398	
32.232	-0.03889631	
32.236	0.144553546	
32.24	0.043792073	
32.244	0.012923876	
32.248	-0.099353193	
32.252	-0.140617415	
32.256	-0.141417109	
32.26	-0.259451977	
32.264	-0.004349519	
32.268	0.22708199	
32.272	0.130638866	
32.276	0.011484427	
32.28	-0.051531478	
32.284	-0.10399142	
32.288	-0.170525979	
32.292	0.380463342	
32.296	0.688505558	
32.3	-0.260731488	
32.304	-0.520152295	
32.308	-0.14829448	
32.312	0.181499419	
32.316	0.39741686	
32.32	0.003487484	
32.324	-0.109909157	
32.328	0.102329691	
32.332	-0.150853501	
32.336	-0.177243411	
32.34	0.162946513	
32.344	0.322405542	
32.348	0.296495449	
32.352	0.054507976	
32.356	-0.230822924	
32.36	-0.223305798	
32.364	-0.078241266	
32.368	-0.062727198	
32.372	-0.051211601	
32.376	-0.055370011	
32.38	-0.037936677	
32.384	0.002207974	
32.388	-0.023222303	
32.392	0.085056295	
32.396	0.132078316	
32.4	0.03739452	
32.404	-0.201714054	
32.408	-0.387083176	
32.412	-0.313351368	
32.416	-0.048652579	
32.42	0.075300026	
32.424	0.050349566	
32.428	0.075939781	
32.432	0.162146819	
32.436	0.186137646	
32.44	0.068742533	
32.444	-0.052810989	
32.448	-0.055849827	
32.452	0.04011348	
32.456	0.17718107	
32.46	0.245155079	
32.464	0.16614529	
32.468	0.00124834	
32.472	-0.220586838	
32.476	-0.287281336	
32.48	-0.191957784	
32.484	0.102329691	
32.488	0.180059969	
32.492	0.091453849	
32.496	-0.063047075	
32.5	-0.198675216	
32.504	-0.096314355	
32.508	0.022200329	
32.512	0.140235197	
32.516	-0.0125064	
32.52	-0.014905483	
32.524	0.018201858	
32.528	0.20485049	
32.532	0.027158433	
32.536	0.149351711	
32.54	-0.022422609	
32.544	0.22708199	
32.548	-0.025941263	
32.552	-0.164128425	
32.556	-0.000670926	
32.56	-0.337662072	
32.564	0.241476486	
32.568	-0.39204128	
32.572	0.343197591	
32.576	0.010364855	
32.58	-0.214189284	
32.584	-0.464813454	
32.588	-0.114227506	
32.592	-0.023862058	
32.596	0.204050796	
32.6	0.049869749	
32.604	0.187896973	
32.608	0.066503389	
32.612	-0.010267256	
32.616	-0.085278575	
32.62	-3.11703E-05	
32.624	0.041392991	
32.628	0.115924492	
32.632	0.121362413	
32.636	-0.077921388	
32.64	-0.079680715	
32.644	-0.114547383	
32.648	0.1509511	
32.652	-0.014745544	
32.656	0.081537641	
32.66	-0.247776441	
32.664	0.153829999	
32.668	0.118323575	
32.672	0.260029392	
32.676	-0.350137302	
32.68	-0.540464528	
32.684	0.659716566	
32.688	0.230920522	
32.692	0.21044835	
32.696	-0.292879196	
32.7	0.403974353	
32.704	0.095612259	
32.708	-0.149094174	
32.712	-0.330304886	
32.716	-0.602360861	
32.72	0.144233668	
32.724	-0.021782853	
32.728	0.373266094	
32.732	0.211727861	
32.736	-0.317029961	
32.74	-0.012026584	
32.744	-0.281043721	
32.748	-0.045453802	
32.752	0.106328162	
32.756	-0.139657782	
32.76	0.324164869	
32.764	0.1703037	
32.768	-0.427707642	
32.772	0.31424866	
32.776	0.110166694	
32.78	-0.305514365	
32.784	0.274263949	
32.788	0.233319605	
32.792	-0.026101202	
32.796	-0.185880108	
32.8	-0.186199986	
32.804	0.219244986	
32.808	0.14263428	
32.812	-0.038416493	
32.816	-0.083359309	
32.82	-0.154532095	
32.824	0.161347125	
32.828	0.029557516	
32.832	-0.121104876	
32.836	-0.067685302	
32.84	0.00268779	
32.844	0.165665473	
32.848	0.024599412	
32.852	0.087455378	
32.856	-0.044014353	
32.86	-0.055050133	
32.864	-0.006108846	
32.868	0.010364855	
32.872	0.133837643	
32.876	0.070981677	
32.88	0.050669444	
32.884	-0.141736987	
32.888	-0.159650138	
32.892	-0.122064509	
32.896	-0.018424137	
32.9	0.090814094	
32.904	-0.001790498	
32.908	-0.038256554	
32.912	-0.100952582	
32.916	-0.039056248	
32.92	0.062025102	
32.924	0.193015016	
32.928	0.196213793	
32.932	0.032116538	
32.936	-0.139177966	
32.94	-0.161569404	
32.944	-0.042574903	
32.948	0.035635192	
32.952	0.023159962	
32.956	-0.043534536	
32.96	-0.063366953	
32.964	0.038514091	
32.968	0.114325104	
32.972	0.048910116	
32.976	-0.052810989	
32.98	-0.041455331	
32.984	-0.012666339	
32.988	0.008605527	
32.992	0.104568834	
32.996	0.109367	
33	0.044431829	
33.004	0.004926934	
33.008	-0.000351048	
33.012	-0.02498163	
33.016	-0.106550441	
33.02	-0.12190457	
33.024	-0.074402733	
33.028	0.018521736	
33.032	0.054348037	
33.036	0.00124834	
33.04	-0.000191109	
33.044	0.180859664	
33.048	0.205490246	
33.052	0.020281063	
33.056	-0.097273988	
33.06	-0.076002122	
33.064	-0.031379184	
33.068	-0.067045546	
33.072	-0.10671038	
33.076	-0.132460534	
33.08	-0.071044018	
33.084	-0.02226267	
33.088	0.009245283	
33.092	0.073700637	
33.096	0.10520859	
33.1	0.033076171	
33.104	-0.025941263	
33.108	0.060745591	
33.112	0.088255072	
33.116	0.017562103	
33.12	-0.033138511	
33.124	-0.068484996	
33.128	-0.020023526	
33.132	0.068422655	
33.136	0.072101249	
33.14	-0.064326586	
33.144	-0.198835155	
33.148	-0.13853821	
33.152	0.103449263	
33.156	0.107287795	
33.16	-0.140297537	
33.164	-0.12606298	
33.168	0.14119483	
33.172	0.274743766	
33.176	0.099930608	
33.18	-0.128462063	
33.184	-0.210670629	
33.188	0.007006139	
33.192	0.193174955	
33.196	0.091613788	
33.2	-0.061287748	
33.204	-0.031379184	
33.208	0.073700637	
33.212	-0.016025055	
33.216	-0.095834539	
33.22	-0.061127809	
33.224	0.009085344	
33.228	0.119763025	
33.232	0.136556604	
33.236	-0.006428724	
33.24	-0.120944937	
33.244	-0.185560231	
33.248	-0.194996623	
33.252	-0.059848298	
33.256	0.080098191	
33.26	0.127759967	
33.264	0.050509505	
33.268	-0.068964813	
33.272	-0.095834539	
33.276	-0.044494169	
33.28	0.082817152	
33.284	0.170143761	
33.288	0.177500948	
33.292	0.119922964	
33.296	-0.002110375	
33.3	-0.033778267	
33.304	0.005566689	
33.308	-0.021942792	
33.312	-0.027220774	
33.316	-0.06240732	
33.32	-0.109109463	
33.324	-0.106550441	
33.328	-0.039376126	
33.332	0.050349566	
33.336	0.086655684	
33.34	-0.007868174	
33.344	-0.14829448	
33.348	-0.099193254	
33.352	0.093053238	
33.356	0.219404925	
33.36	0.190136117	
33.364	0.028757822	
33.368	-0.088797229	
33.372	-0.053770622	
33.376	-0.011226889	
33.38	-0.029299979	
33.384	-0.060807931	
33.388	-0.048172763	
33.392	-0.027060835	
33.396	-0.049772151	
33.4	-0.030259612	
33.404	0.028917761	
33.408	0.133677704	
33.412	0.129359355	
33.416	-0.018903954	
33.42	-0.132460534	
33.424	-0.087677657	
33.428	0.007805833	
33.432	0.050189627	
33.436	0.026998495	
33.44	-0.029299979	
33.444	-0.067205485	
33.448	-0.036177349	
33.452	-0.017944321	
33.456	-0.011706706	
33.46	0.022680146	
33.464	0.053388404	
33.468	0.104408896	
33.472	0.125041007	
33.476	0.078978619	
33.48	0.065223879	
33.484	0.036594825	
33.488	-0.051691417	
33.492	-0.199634849	
33.496	-0.483526299	
33.5	-0.164448303	
33.504	0.550958151	
33.508	0.2921771	
33.512	-0.30343516	
33.516	-0.280723844	
33.52	0.138155992	
33.524	0.360311048	
33.528	0.051629077	
33.532	-0.259132099	
33.536	-0.264090204	
33.54	-0.057609155	
33.544	0.207409512	
33.548	0.318567009	
33.552	0.274903705	
33.556	0.005246812	
33.56	-0.256413139	
33.564	-0.226984392	
33.568	-0.069444629	
33.572	-0.001630559	
33.576	0.026038861	
33.58	-0.051211601	
33.584	-0.108469707	
33.588	-0.05552995	
33.592	0.104568834	
33.596	0.172862721	
33.6	0.106328162	
33.604	0.041712868	
33.608	-0.027060835	
33.612	-0.07904096	
33.616	-0.063686831	
33.62	0.080098191	
33.624	0.145833057	
33.628	0.064264245	
33.632	-0.071363895	
33.636	-0.092315884	
33.64	-0.037616799	
33.644	-0.040655637	
33.648	-0.024021997	
33.652	-0.001950436	
33.656	-0.040335759	
33.66	-0.096154416	
33.664	-0.009307623	
33.668	0.132558132	
33.672	0.171103394	
33.676	0.141994524	
33.68	-0.04577368	
33.684	-0.176603655	
33.688	-0.230343107	
33.692	-0.238180111	
33.696	0.063464551	
33.7	0.252192389	
33.704	0.090174338	
33.708	-0.044014353	
33.712	-0.165088058	
33.716	-0.317829656	
33.72	-0.154052278	
33.724	0.272504622	
33.728	0.494019922	
33.732	0.394857838	
33.736	0.055627548	
33.74	-0.220426899	
33.744	-0.343739749	
33.748	-0.163328731	
33.752	0.191895444	
33.756	0.295855693	
33.76	0.056267303	
33.764	-0.13997766	
33.768	-0.106550441	
33.772	0.048750178	
33.776	0.142314402	
33.78	0.041392991	
33.784	-0.141257171	
33.788	-0.227784086	
33.792	-0.174684389	
33.796	-0.099513132	
33.8	-0.058888665	
33.804	0.015962714	
33.808	0.057546814	
33.812	0.086175867	
33.816	0.041073113	
33.82	0.01932143	
33.824	0.139595442	
33.828	0.197013487	
33.832	0.146632751	
33.836	0.012763937	
33.84	-0.140937293	
33.844	-0.17180549	
33.848	-0.115666955	
33.852	-0.046893252	
33.856	-0.063047075	
33.86	-0.048972457	
33.864	0.028597883	
33.868	0.101370058	
33.872	0.158788103	
33.876	0.0871355	
33.88	0.007965772	
33.884	-0.053770622	
33.888	-0.067525363	
33.892	-0.072003651	
33.896	-0.091356251	
33.9	-0.090556557	
33.904	-0.020983159	
33.908	0.042192685	
33.912	0.048270361	
33.916	0.001568218	
33.92	0.022840085	
33.924	0.076419598	
33.928	-0.080800287	
33.932	-0.036657166	
33.936	-0.002430253	
33.94	0.011644365	
33.944	0.142474341	
33.948	0.095772198	
33.952	-0.063686831	
33.956	0.062185041	
33.96	0.095292381	
33.964	-0.061127809	
33.968	0.071141616	
33.972	0.072900943	
33.976	-0.142216804	
33.98	0.202291469	
33.984	0.054507976	
33.988	0.073700637	
33.992	0.049549872	
33.996	-0.09839356	
34	-0.103191725	
34.004	-0.189398763	
34.008	-0.615155969	
34.012	-0.099033315	
34.016	0.826532782	
34.02	0.340958448	
34.024	-0.496641285	
34.028	-0.440982566	
34.032	0.219884742	
34.036	0.449876801	
34.04	0.182459052	
34.044	-0.051691417	
34.048	-0.176123839	
34.052	-0.265529653	
34.056	-0.137258699	
34.06	0.089214705	
34.064	-0.00834799	
34.068	0.065383817	
34.072	0.120242841	
34.076	0.024119595	
34.08	0.272504622	
34.084	-0.102871848	
34.088	-0.036177349	
34.092	-0.090556557	
34.096	-0.110548912	
34.1	0.163266391	
34.104	-0.079360837	
34.108	0.186297584	
34.112	-0.150533624	
34.116	0.066503389	
34.12	-0.087837596	
34.124	-0.052810989	
34.128	0.08025813	
34.132	-0.014105789	
34.136	-0.038576432	
34.14	-0.331744335	
34.144	-0.138378271	
34.148	0.023799718	
34.152	0.172063027	
34.156	0.224842846	
34.16	0.069382289	
34.164	0.165025718	
34.168	-0.019063893	
34.172	0.111606144	
34.176	-0.143016498	
34.18	0.001888096	
34.184	-0.162529037	
34.188	-0.003389886	
34.192	-0.160449832	
34.196	-0.048972457	
34.2	0.104728773	
34.204	0.417569154	
34.208	0.089214705	
34.212	0.006206445	
34.216	-0.210350752	
34.22	-0.128622002	
34.224	0.035155376	
34.228	0.2118878	
34.232	0.32256548	
34.236	0.07753917	
34.24	0.019641308	
34.244	-0.241858704	
34.248	-0.183481026	
34.252	-0.238020172	
34.256	-0.109269402	
34.26	0.111926021	
34.264	0.07609972	
34.268	0.201011958	
34.272	0.033396048	
34.276	-0.349817425	
34.28	0.043472196	
34.284	-0.321028433	
34.288	0.255551104	
34.292	0.184538257	
34.296	-0.140617415	
34.3	0.418848665	
34.304	0.066023573	
34.308	-0.085438514	
34.312	0.15638902	
34.316	-0.143656253	
34.32	-0.082559614	
34.324	-0.024501814	
34.328	-0.198195399	
34.332	0.235718688	
34.336	0.091133971	
34.34	-0.216268489	
34.344	-0.214189284	
34.348	-0.165247997	
34.352	0.122641924	
34.356	0.017402164	
34.36	-0.080960226	
34.364	-0.051051662	
34.368	-0.004829336	
34.372	0.140874952	
34.376	-0.013466033	
34.38	-0.052011295	
34.384	0.04283244	
34.388	-0.100952582	
34.392	0.027798189	
34.396	0.147112567	
34.4	0.042672501	
34.404	0.079938252	
34.408	0.015322959	
34.412	0.013563632	
34.416	0.0900144	
34.42	-0.051691417	
34.424	-0.157570933	
34.428	0.003487484	
34.432	-0.200114666	
34.436	0.04011348	
34.44	0.118643453	
34.444	-0.051211601	
34.448	0.347995757	
34.452	0.231080461	
34.456	-0.049292335	
34.46	0.090174338	
34.464	-0.180762065	
34.468	-0.289040663	
34.472	-0.113747689	
34.476	-0.175004267	
34.48	-0.032338817	
34.484	0.084896357	
34.488	-0.027540652	
34.492	0.196213793	
34.496	0.069702166	
34.5	-0.205552586	
34.504	0.049549872	
34.508	-0.048012824	
34.512	-0.15517185	
34.516	0.08857495	
34.52	-0.06656573	
34.524	0.359831231	
34.528	-0.055689888	
34.532	-0.015385299	
34.536	-0.164768181	
34.54	-0.079200899	
34.544	0.259709514	
34.548	0.298734593	
34.552	-0.038736371	
34.556	-0.39060183	
34.56	-0.315750451	
34.564	-0.057769093	
34.568	0.21732572	
34.572	0.25331196	
34.576	0.129679233	
34.58	0.007965772	
34.584	-0.019703648	
34.588	-0.01394585	
34.592	-0.004349519	
34.596	0.031476782	
34.6	0.080897885	
34.604	-0.095194783	
34.608	-0.128781941	
34.612	0.065223879	
34.616	0.206130001	
34.62	0.154309815	
34.624	-0.027380713	
34.628	-0.635148324	
34.632	-0.652901536	
34.636	-0.177243411	
34.64	0.518810443	
34.644	0.766235837	
34.648	0.439640715	
34.652	0.104408896	
34.656	-0.320548616	
34.66	-0.345659015	
34.664	-0.211310385	
34.668	0.055627548	
34.672	0.062984735	
34.676	-0.114867261	
34.68	-0.099513132	
34.684	0.103929079	
34.688	0.031156905	
34.692	-0.149254113	
34.696	-0.176923533	
34.7	-0.059848298	
34.704	0.052268832	
34.708	0.140235197	
34.712	0.225482601	
34.716	0.181179541	
34.72	0.006046506	
34.724	-0.094555028	
34.728	-0.03745686	
34.732	0.084096662	
34.736	0.108087489	
34.74	0.022520207	
34.744	-0.122864203	
34.748	-0.169406407	
34.752	-0.102392031	
34.756	0.001728157	
34.76	0.126160579	
34.764	0.16470584	
34.768	0.102009813	
34.772	-0.027860529	
34.776	-0.156131483	
34.78	-0.13581925	
34.784	0.003007668	
34.788	0.047470667	
34.792	-0.059528421	
34.796	-0.071683773	
34.8	0.081217763	
34.804	0.197333365	
34.808	0.078178925	
34.812	-0.080000593	
34.816	-0.071683773	
34.82	0.005246812	
34.824	0.086015928	
34.828	0.06634345	
34.832	-0.032338817	
34.836	-0.138698149	
34.84	-0.154532095	
34.844	-0.094874905	
34.848	-0.029299979	
34.852	0.048270361	
34.856	0.088255072	
34.86	0.110486572	
34.864	0.109207061	
34.868	0.061705224	
34.872	-0.026900896	
34.876	-0.068165118	
34.88	-0.016504871	
34.884	-0.001950436	
34.888	-0.020983159	
34.892	-0.049772151	
34.896	-0.046733313	
34.9	-0.080640348	
34.904	-0.093435456	
34.908	-0.025621385	
34.912	0.02204039	
34.916	0.055627548	
34.92	0.09833122	
34.924	0.168704311	
34.928	0.141994524	
34.932	-0.019703648	
34.936	-0.102711909	
34.94	-0.048812518	
34.944	0.071621432	
34.948	0.141994524	
34.952	-0.256093261	
34.956	-0.668255665	
34.96	0.13015905	
34.964	0.752161219	
34.968	0.234119299	
34.972	-0.323747393	
34.976	-0.337822011	
34.98	-0.056009766	
34.984	0.120082902	
34.988	0.152390549	
34.992	0.028597883	
34.996	-0.090556557	
35	-0.078401204	
35.004	-0.033938205	
35.008	-0.013306094	
35.012	-3.11703E-05	
35.016	0.064264245	
35.02	0.101849874	
35.024	0.093213176	
35.028	0.057066997	
35.032	0.050669444	
35.036	0.048750178	
35.04	-0.011866645	
35.044	-0.0347379	
35.048	-0.034897839	
35.052	-0.068644935	
35.056	-0.119665426	
35.06	-0.092635762	
35.064	-0.000351048	
35.068	0.076899414	
35.072	0.075619903	
35.076	0.025239167	
35.08	-0.001790498	
35.084	-0.052331173	
35.088	-0.075522305	
35.092	0.002207974	
35.096	0.088894828	
35.1	0.060425713	
35.104	0.008605527	
35.108	-0.037616799	
35.112	-0.096314355	
35.116	-0.105590808	
35.12	-0.080320471	
35.124	-0.01666481	
35.128	0.045711339	
35.132	0.054987792	
35.136	0.012763937	
35.14	-0.023862058	
35.144	0.061385346	
35.148	0.090334277	
35.152	0.031956599	
35.156	-0.050411906	
35.16	-0.088317413	
35.164	-0.039216187	
35.168	0.074180454	
35.172	0.150151405	
35.176	0.10520859	
35.18	0.000128769	
35.184	-0.064966341	
35.188	-0.063207014	
35.192	-0.028180407	
35.196	0.039473724	
35.2	0.078658742	
35.204	0.043152318	
35.208	-0.049132396	
35.212	-0.112788056	
35.216	-0.062727198	
35.22	0.042192685	
35.224	0.05674712	
35.228	-0.003549825	
35.232	-0.045133925	
35.236	-0.050411906	
35.24	-0.016504871	
35.244	-0.031859	
35.248	-0.060328115	
35.252	0.018521736	
35.256	0.085696051	
35.26	0.046191156	
35.264	-0.011706706	
35.268	-0.016824749	
35.272	0.022360268	
35.276	0.08297709	
35.28	0.084096662	
35.284	0.043152318	
35.288	-0.010587134	
35.292	-0.091196312	
35.296	-0.093435456	
35.3	-0.050411906	
35.304	-0.046253497	
35.308	-0.060168176	
35.312	-0.032178878	
35.316	0.032436415	
35.32	0.034675559	
35.324	-0.026581019	
35.328	-0.019223832	
35.332	0.057066997	
35.336	0.102809507	
35.34	0.069702166	
35.344	0.0677829	
35.348	0.047950483	
35.352	-0.004029641	
35.356	-0.063366953	
35.36	-0.094555028	
35.364	-0.062247381	
35.368	-0.032498756	
35.372	0.000448646	
35.376	0.033555987	
35.38	-0.002910069	
35.384	-0.04993209	
35.388	-0.005149213	
35.392	0.087455378	
35.396	0.101529996	
35.4	0.000928463	
35.404	-0.089277046	
35.408	-0.069924446	
35.412	0.012603999	
35.416	0.065703695	
35.42	0.058026631	
35.424	0.012923876	
35.428	-0.02770059	
35.432	-0.044814047	
35.436	-0.064806403	
35.44	-0.031059306	
35.444	-0.03889631	
35.448	-0.104471236	
35.452	0.050509505	
35.456	0.184858135	
35.46	0.131758438	
35.464	0.048590239	
35.468	-0.016344932	
35.472	-0.172125368	
35.476	-0.269368186	
35.48	0.001888096	
35.484	0.322085664	
35.488	0.331042239	
35.492	0.053708282	
35.496	-0.271127513	
35.5	-0.332384091	
35.504	-0.094395089	
35.508	0.201491775	
35.512	0.21044835	
35.516	0.014523265	
35.52	-0.143176437	
35.524	-0.141257171	
35.528	-0.02226267	
35.532	0.056107364	
35.536	0.043632134	
35.54	-0.041775209	
35.544	-0.105750747	
35.548	-0.088797229	
35.552	0.029717455	
35.556	0.121522352	
35.56	0.064424184	
35.564	-0.043374597	
35.568	-0.04849264	
35.572	0.042032746	
35.576	0.154629693	
35.58	0.164545901	
35.584	0.07753917	
35.588	-0.013306094	
35.592	-0.04017582	
35.596	-0.010427195	
35.6	-0.012186522	
35.604	-0.052171234	
35.608	-0.098873377	
35.612	-0.112468178	
35.616	-0.078881021	
35.62	-0.036817105	
35.624	-0.020503342	
35.628	-0.037136982	
35.632	-0.007868174	
35.636	0.042512563	
35.64	0.050669444	
35.644	0.046511034	
35.648	0.066823267	
35.652	0.053708282	
35.656	0.007645894	
35.66	0.016122653	
35.664	0.026998495	
35.668	-0.027860529	
35.672	-0.070404262	
35.676	-0.058568788	
35.68	0.007326017	
35.684	0.090334277	
35.688	0.184698196	
35.692	0.142154463	
35.696	-0.017624443	
35.7	-0.145255642	
35.704	-0.184440659	
35.708	-0.103831481	
35.712	0.022200329	
35.716	0.09545232	
35.72	0.070981677	
35.724	-0.011386828	
35.728	-0.05680946	
35.732	-0.045453802	
35.736	0.078338864	
35.74	0.118803392	
35.744	0.029877394	
35.748	-0.078401204	
35.752	-0.15933026	
35.756	-0.168286835	
35.76	-0.118545855	
35.764	-0.041775209	
35.768	0.007326017	
35.772	0.029397577	
35.776	0.077379231	
35.78	0.129519294	
35.784	0.156708898	
35.788	0.122322046	
35.792	0.164545901	
35.796	0.176861192	
35.8	-0.432665746	
35.804	-0.670014993	
35.808	0.378224199	
35.812	0.767675287	
35.816	0.080897885	
35.82	-0.470731192	
35.824	-0.394920179	
35.828	-0.155331789	
35.832	0.028118066	
35.836	0.191735505	
35.84	0.19237526	
35.844	0.059945897	
35.848	-0.012186522	
35.852	-0.026101202	
35.856	-0.012346461	
35.86	0.046830911	
35.864	0.100730302	
35.868	0.104888712	
35.872	0.045231523	
35.876	-0.011546767	
35.88	-0.059848298	
35.884	-0.063047075	
35.888	-0.048652579	
35.892	-0.0734431	
35.896	-0.111508545	
35.9	-0.117426283	
35.904	-0.070244323	
35.908	0.005246812	
35.912	0.034835498	
35.916	0.01244406	
35.92	0.040913174	
35.924	0.12600064	
35.928	0.09689177	
35.932	0.032596354	
35.936	0.038354153	
35.94	0.041872807	
35.944	0.001408279	
35.948	-0.073603039	
35.952	-0.133260228	
35.956	-0.098553499	
35.96	-0.015705177	
35.964	0.020920818	
35.968	-0.014585605	
35.972	0.007485955	
35.976	0.084096662	
35.98	0.115604615	
35.984	0.082177396	
35.988	0.020441002	
35.992	-0.048012824	
35.996	-0.09839356	
36	-0.07488255	
36.004	-0.06512628	
36.008	-0.046733313	
36.012	0.007805833	
36.016	0.074820209	
36.02	0.090654155	
36.024	0.000768524	
36.028	0.031636721	
36.032	0.022680146	
36.036	-0.080320471	
36.04	-0.080000593	
36.044	0.036434886	
36.048	0.125520823	
36.052	0.051469138	
36.056	-0.046893252	
36.06	-0.001150742	
36.064	0.080418069	
36.068	0.050509505	
36.072	-0.061287748	
36.076	-0.118385916	
36.08	-0.110229035	
36.084	-0.045933619	
36.088	-0.002590192	
36.092	0.035795131	
36.096	0.076419598	
36.1	0.042032746	
36.104	-0.031699062	
36.108	-0.034258083	
36.112	0.054028159	
36.116	0.114005226	
36.12	0.086815623	
36.124	-0.005788969	
36.128	-0.065606097	
36.132	-0.081919859	
36.136	-0.20363332	
36.14	-0.234021701	
36.144	-0.014745544	
36.148	0.115444676	
36.152	0.124241312	
36.156	0.176861192	
36.16	0.003487484	
36.164	-0.194676745	
36.168	0.002207974	
36.172	0.10792755	
36.176	0.138155992	
36.18	0.226602173	
36.184	0.169823883	
36.188	0.00124834	
36.192	-0.220586838	
36.196	-0.286321703	
36.2	-0.118705793	
36.204	0.086655684	
36.208	0.106008284	
36.212	0.038354153	
36.216	0.010044977	
36.22	-0.016344932	
36.224	-0.057449216	
36.228	-0.066725669	
36.232	-0.036177349	
36.236	-0.024181936	
36.24	-0.046733313	
36.244	-0.05968836	
36.248	-0.01394585	
36.252	0.045391462	
36.256	0.061545285	
36.26	0.067303084	
36.264	0.016762408	
36.268	0.026998495	
36.272	0.080897885	
36.276	0.09961073	
36.28	0.027158433	
36.284	-0.089436985	
36.288	-0.078241266	
36.292	-0.016824749	
36.296	-0.008987746	
36.3	-0.004029641	
36.304	-0.010587134	
36.308	-3.11703E-05	
36.312	0.015322959	
36.316	0.0290777	
36.32	0.05674712	
36.324	0.07609972	
36.328	0.097371586	
36.332	0.054827854	
36.336	-0.061927503	
36.34	-0.141257171	
36.344	-0.154851972	
36.348	-0.08863729	
36.352	0.014683203	
36.356	0.011484427	
36.36	-0.080800287	
36.364	-0.074562672	
36.368	-0.018744015	
36.372	-0.000670926	
36.376	0.003807362	
36.38	0.033076171	
36.384	0.101529996	
36.388	0.151111038	
36.392	0.13287801	
36.396	0.065703695	
36.4	-0.04433423	
36.404	-0.118545855	
36.408	-0.076481938	
36.412	0.039953541	
36.416	0.115924492	
36.42	0.080578008	
36.424	0.002367912	
36.428	-0.060488054	
36.432	-0.056649521	
36.436	-0.035377655	
36.44	-0.032818634	
36.444	-0.051691417	
36.448	-0.095194783	
36.452	-0.05968836	
36.456	0.032116538	
36.46	0.087775256	
36.464	0.075300026	
36.468	0.067622961	
36.472	0.058186569	
36.476	0.125840701	
36.48	0.143433974	
36.484	-0.450259019	
36.488	-0.787410105	
36.492	0.289298201	
36.496	0.899304956	
36.5	0.295855693	
36.504	-0.374288068	
36.508	-0.42530856	
36.512	-0.120944937	
36.516	0.156708898	
36.52	0.155749265	
36.524	0.060105836	
36.528	0.042512563	
36.532	0.028757822	
36.536	-0.008827807	
36.54	-0.02642108	
36.544	0.003967301	
36.548	-0.033778267	
36.552	-0.080480409	
36.556	-0.052810989	
36.56	-0.004669397	
36.564	-0.014585605	
36.568	-0.032018939	
36.572	-0.027860529	
36.576	-0.040335759	
36.58	-0.022582547	
36.584	0.025399106	
36.588	0.046031217	
36.592	0.077699108	
36.596	0.050669444	
36.6	0.027158433	
36.604	0.008765466	
36.608	-0.08175992	
36.612	-0.100952582	
36.616	-0.000990803	
36.62	0.056107364	
36.624	0.083296968	
36.628	0.122162107	
36.632	0.069862105	
36.636	0.020441002	
36.64	-0.029459918	
36.644	-0.1150272	
36.648	-0.154212217	
36.652	-0.123503959	
36.656	-0.021782853	
36.66	0.082657213	
36.664	0.119603086	
36.668	0.073060882	
36.672	0.010524794	
36.676	-0.007228418	
36.68	-0.023862058	
36.684	-0.015545238	
36.688	0.057066997	
36.692	0.09417281	
36.696	0.031956599	
36.7	0.002367912	
36.704	0.000928463	
36.708	-0.076641877	
36.712	-0.132620473	
36.716	-0.106550441	
36.72	-0.060168176	
36.724	-0.052171234	
36.728	-0.041775209	
36.732	0.014523265	
36.736	0.097531525	
36.74	0.204050796	
36.744	0.206769757	
36.748	0.042672501	
36.752	-0.09839356	
36.756	-0.061767565	
36.76	-0.169566346	
36.764	-0.302315588	
36.768	0.005246812	
36.772	0.297455082	
36.776	0.241796364	
36.78	0.038993908	
36.784	-0.193717112	
36.788	-0.305194487	
36.792	-0.127342491	
36.796	0.130478927	
36.8	0.151750794	
36.804	0.042192685	
36.808	0.018201858	
36.812	0.046351095	
36.816	0.028917761	
36.82	0.078018986	
36.824	0.140874952	
36.828	0.0871355	
36.832	-0.050411906	
36.836	-0.127822308	
36.84	-0.05552995	
36.844	-0.02226267	
36.848	-0.044014353	
36.852	-0.018264199	
36.856	0.023159962	
36.86	-0.009147684	
36.864	-0.086877963	
36.868	-0.193237295	
36.872	-0.189878579	
36.876	-0.050571845	
36.88	0.080578008	
36.884	0.165025718	
36.888	0.166944984	
36.892	0.102009813	
36.896	0.06922235	
36.9	0.068902472	
36.904	0.077859047	
36.908	0.050829382	
36.912	-0.004509458	
36.916	-0.080640348	
36.92	-0.074722611	
36.924	-0.076801816	
36.928	-0.11230824	
36.932	-0.07760151	
36.936	-0.067525363	
36.94	-0.027860529	
36.944	0.030037333	
36.948	0.066183512	
36.952	0.089694522	
36.956	0.102489629	
36.96	0.117204003	
36.964	0.117843759	
36.968	0.022200329	
36.972	-0.123823836	
36.976	-0.182521393	
36.98	-0.113107934	
36.984	-0.02914004	
36.988	0.013883509	
36.992	0.053068526	
36.996	0.028597883	
37	-0.041135453	
37.004	-0.047053191	
37.008	0.009725099	
37.012	0.043792073	
37.016	-0.000830864	
37.02	-0.042095087	
37.024	-0.032498756	
37.028	-0.006588663	
37.032	0.054987792	
37.036	0.091453849	
37.04	0.089214705	
37.044	0.038354153	
37.048	0.01660247	
37.052	0.004926934	
37.056	-0.029459918	
37.06	-0.076481938	
37.064	-0.07904096	
37.068	-0.018744015	
37.072	0.019001552	
37.076	0.072261188	
37.08	0.132238255	
37.084	0.110326633	
37.088	0.120882597	
37.092	0.138155992	
37.096	-0.531348014	
37.1	-1.131118683	
37.104	0.061545285	
37.108	0.959122084	
37.112	0.525207997	
37.116	-0.151173379	
37.12	-0.366770942	
37.124	-0.122224448	
37.128	0.162786574	
37.132	0.250113184	
37.136	0.167904617	
37.14	0.024759351	
37.144	-0.087837596	
37.148	-0.177083472	
37.152	-0.187799374	
37.156	-0.145095703	
37.16	-0.053450745	
37.164	0.048750178	
37.168	0.05946608	
37.172	-0.001790498	
37.176	-0.002910069	
37.18	0.040433358	
37.184	0.075939781	
37.188	0.108887183	
37.192	0.102169752	
37.196	0.069542227	
37.2	0.018361797	
37.204	-0.049772151	
37.208	-0.116946466	
37.212	-0.154692034	
37.216	-0.099193254	
37.22	0.004607056	
37.224	0.0484303	
37.228	0.054188098	
37.232	0.045551401	
37.236	0.06362449	
37.24	0.101370058	
37.244	0.061065469	
37.248	-0.056969399	
37.252	-0.137098761	
37.256	-0.102711909	
37.26	-0.048812518	
37.264	-0.050571845	
37.268	-0.004669397	
37.272	0.098970975	
37.276	0.140874952	
37.28	0.030677088	
37.284	-0.077921388	
37.288	-0.080640348	
37.292	-0.066245852	
37.296	-0.012186522	
37.3	0.057546814	
37.304	0.068582594	
37.308	0.025079228	
37.312	-0.04017582	
37.316	-0.086877963	
37.32	-0.040815576	
37.324	0.081217763	
37.328	0.151111038	
37.332	0.105048651	
37.336	0.079618375	
37.34	0.061225407	
37.344	-0.007228418	
37.348	-0.055849827	
37.352	-0.069124751	
37.356	-0.085438514	
37.36	-0.094874905	
37.364	-0.102392031	
37.368	-0.091036373	
37.372	-0.089436985	
37.376	-0.053770622	
37.38	-0.016344932	
37.384	0.022360268	
37.388	0.077059353	
37.392	0.086335806	
37.396	0.081537641	
37.4	0.097051709	
37.404	0.075939781	
37.408	0.043152318	
37.412	0.029397577	
37.416	0.076579537	
37.42	0.054987792	
37.424	-0.023862058	
37.428	-0.032338817	
37.432	-0.042894781	
37.436	-0.060647993	
37.44	-0.057609155	
37.444	-0.037296921	
37.448	-0.07760151	
37.452	-0.094395089	
37.456	-0.049132396	
37.46	0.005246812	
37.464	0.094332748	
37.468	0.098011342	
37.472	0.081217763	
37.476	0.052108893	
37.48	-0.05552995	
37.484	-0.096634233	
37.488	-0.064806403	
37.492	-0.002750131	
37.496	0.048110422	
37.5	0.025559045	
37.504	-0.014425666	
37.508	0.005566689	
37.512	0.055947426	
37.516	0.014683203	
37.52	-0.043854414	
37.524	-0.057929032	
37.528	-0.067045546	
37.532	-0.051211601	
37.536	0.008605527	
37.54	0.013403693	
37.544	0.001888096	
37.548	0.058666386	
37.552	0.116084431	
37.556	0.095132443	
37.56	0.025079228	
37.564	-0.025621385	
37.568	-0.032978572	
37.572	-0.048172763	
37.576	-0.054730255	
37.58	-0.030739429	
37.584	0.032756293	
37.588	0.106488101	
37.592	0.11352541	
37.596	0.077219292	
37.6	-0.046573374	
37.604	-0.144775825	
37.608	-0.097433927	
37.612	-0.002910069	
37.616	0.026998495	
37.62	-0.005948908	
37.624	-0.031379184	
37.628	-0.043854414	
37.632	-0.053450745	
37.636	-0.086877963	
37.64	-0.162848915	
37.644	-0.145735458	
37.648	0.128239784	
37.652	0.309130617	
37.656	0.245954774	
37.66	0.026038861	
37.664	-0.369489903	
37.668	-0.484485932	
37.672	-0.083039431	
37.676	0.379983526	
37.68	0.536083839	
37.684	0.345596674	
37.688	0.026358739	
37.692	-0.16348867	
37.696	-0.126862674	
37.7	-0.037296921	
37.704	0.02347984	
37.708	0.010844671	
37.712	-0.097273988	
37.716	-0.073922917	
37.72	-0.183161148	
37.724	-0.092635762	
37.728	0.164226024	
37.732	-0.078881021	
37.736	-0.286001825	
37.74	-0.198835155	
37.744	0.07466027	
37.748	0.233799421	
37.752	0.19525416	
37.756	0.133037949	
37.76	0.075779842	
37.764	0.027958128	
37.768	-0.050571845	
37.772	-0.023542181	
37.776	0.115924492	
37.78	0.170143761	
37.784	0.104568834	
37.788	-0.06096787	
37.792	-0.230343107	
37.796	-0.31175198	
37.8	-0.17180549	
37.804	0.031956599	
37.808	0.074500332	
37.812	0.001088402	
37.816	-0.010107318	
37.82	0.041392991	
37.824	0.058666386	
37.828	0.049549872	
37.832	0.071781371	
37.836	0.073220821	
37.84	0.052108893	
37.844	0.058986264	
37.848	0.021080757	
37.852	-0.105750747	
37.856	-0.175644022	
37.86	-0.12190457	
37.864	0.004607056	
37.868	0.078498803	
37.872	0.056267303	
37.876	0.046031217	
37.88	0.070022044	
37.884	0.082017457	
37.888	-0.003709764	
37.892	-0.082079798	
37.896	-0.073123223	
37.9	-0.037616799	
37.904	0.006206445	
37.908	0.027958128	
37.912	-0.028180407	
37.916	-0.117266344	
37.92	-0.11774616	
37.924	-0.015065422	
37.928	0.07050186	
37.932	0.107607673	
37.936	0.128559661	
37.94	0.120082902	
37.944	0.071301555	
37.948	0.007166078	
37.952	-0.049452273	
37.956	-0.060328115	
37.96	-0.028020468	
37.964	0.001408279	
37.968	0.004447117	
37.972	-0.010107318	
37.976	-0.02642108	
37.98	-0.039536065	
37.984	0.049709811	
37.988	0.261788719	
37.992	-0.262170938	
37.996	-1.232359972	
38	-0.216588367	
38.004	1.09826888	
38.008	0.708817792	
38.012	-0.107350135	
38.016	-0.309512836	
38.02	-0.055849827	
38.024	0.134637337	
38.028	0.20357098	
38.032	0.205330307	
38.036	0.047790544	
38.04	-0.114547383	
38.044	-0.205712525	
38.048	-0.239939438	
38.052	-0.19675595	
38.056	-0.119985304	
38.06	-0.063207014	
38.064	0.00412724	
38.068	0.086015928	
38.072	0.123281679	
38.076	0.07609972	
38.08	0.054028159	
38.084	0.064744062	
38.088	0.060745591	
38.092	0.093213176	
38.096	0.089694522	
38.1	0.031956599	
38.104	-0.022742486	
38.108	-0.04305472	
38.112	-0.069604568	
38.116	-0.086718024	
38.12	-0.092315884	
38.124	-0.083999064	
38.128	-0.051051662	
38.132	-0.022582547	
38.136	0.010044977	
38.14	0.012763937	
38.144	0.007645894	
38.148	0.006526322	
38.152	0.041392991	
38.156	0.046670973	
38.16	0.035635192	
38.164	0.038194214	
38.168	0.020600941	
38.172	-0.002910069	
38.176	0.034675559	
38.18	0.050029688	
38.184	0.030037333	
38.188	-0.009147684	
38.192	-0.055689888	
38.196	-0.06656573	
38.2	-0.069924446	
38.204	-0.048172763	
38.208	-0.046093558	
38.212	-0.039536065	
38.216	0.070022044	
38.22	0.071781371	
38.224	-0.003549825	
38.228	0.00268779	
38.232	-0.003070008	
38.236	-0.111188668	
38.24	-0.052810989	
38.244	0.127600028	
38.248	0.133997582	
38.252	0.189336422	
38.256	0.157348653	
38.26	-0.227624147	
38.264	-0.281043721	
38.268	0.053228465	
38.272	0.160227553	
38.276	0.062185041	
38.28	-0.065925974	
38.284	-0.098553499	
38.288	-0.109589279	
38.292	-0.094395089	
38.296	0.013243754	
38.3	0.09273336	
38.304	0.096571892	
38.308	0.005886567	
38.312	-0.093595395	
38.316	-0.120145243	
38.32	-0.07072414	
38.324	-0.002750131	
38.328	0.064904001	
38.332	0.112565777	
38.336	0.106168223	
38.34	0.086175867	
38.344	0.043152318	
38.348	-0.000670926	
38.352	-0.04433423	
38.356	-0.041455331	
38.36	-0.003229947	
38.364	0.03451562	
38.368	0.005886567	
38.372	-0.036177349	
38.376	-0.014745544	
38.38	0.049070055	
38.384	0.097531525	
38.388	0.076259659	
38.392	-0.030419551	
38.396	-0.10399142	
38.4	-0.121744631	
38.404	-0.083519247	
38.408	-0.057449216	
38.412	-0.025301508	
38.416	0.043312257	
38.42	0.058666386	
38.424	0.02076088	
38.428	-0.038416493	
38.432	-0.039056248	
38.436	0.034355681	
38.44	0.091933666	
38.444	0.041552929	
38.448	-0.072003651	
38.452	-0.129421696	
38.456	-0.042734842	
38.46	0.031476782	
38.464	0.044591768	
38.468	0.059945897	
38.472	0.071621432	
38.476	0.058986264	
38.48	0.062025102	
38.484	0.041872807	
38.488	-0.021462976	
38.492	-0.059208543	
38.496	-0.039216187	
38.5	-0.007708235	
38.504	0.030037333	
38.508	0.015962714	
38.512	-0.030099673	
38.516	-0.050731784	
38.52	-0.027380713	
38.524	0.017082286	
38.528	-0.000351048	
38.532	-0.018424137	
38.536	-0.032338817	
38.54	-0.057129338	
38.544	-0.04017582	
38.548	0.039953541	
38.552	0.075779842	
38.556	0.119123269	
38.56	0.20069208	
38.564	-0.186359925	
38.568	-0.936952925	
38.572	-0.225225064	
38.576	0.826532782	
38.58	0.60789638	
38.584	-0.076801816	
38.588	-0.363732104	
38.592	-0.129421696	
38.596	0.153510121	
38.6	0.249473428	
38.604	0.176061498	
38.608	0.06090553	
38.612	-0.035057777	
38.616	-0.133740045	
38.62	-0.178522921	
38.624	-0.125103347	
38.628	-0.054730255	
38.632	-0.039536065	
38.636	-0.044654108	
38.64	-0.0734431	
38.644	-0.033618328	
38.648	0.031156905	
38.652	0.057386875	
38.656	0.107287795	
38.66	0.140075258	
38.664	0.094972504	
38.668	-0.000510987	
38.672	-0.038736371	
38.676	-0.04305472	
38.68	-0.040815576	
38.684	-0.008188051	
38.688	-0.030099673	
38.692	-0.073603039	
38.696	-0.09839356	
38.7	-0.045933619	
38.704	0.027798189	
38.708	0.059785958	
38.712	0.087775256	
38.716	0.082657213	
38.72	0.01244406	
38.724	-0.061127809	
38.728	-0.076321999	
38.732	-0.005149213	
38.736	0.076579537	
38.74	0.071301555	
38.744	0.03867403	
38.748	-0.00147062	
38.752	-0.060647993	
38.756	-0.070084384	
38.76	-0.00834799	
38.764	0.007006139	
38.768	-0.036977044	
38.772	-0.035377655	
38.776	0.019001552	
38.78	0.081217763	
38.784	0.075300026	
38.788	0.023959657	
38.792	-0.043214658	
38.796	-0.065286219	
38.8	-0.004989274	
38.804	-0.003229947	
38.808	-0.024661752	
38.812	-0.010747073	
38.816	0.01932143	
38.82	0.056267303	
38.824	0.063784429	
38.828	0.039793602	
38.832	0.03179666	
38.836	0.002207974	
38.84	-0.053130867	
38.844	-0.089756862	
38.848	-0.092315884	
38.852	-0.036657166	
38.856	0.058826325	
38.86	0.09417281	
38.864	0.038514091	
38.868	-0.084798758	
38.872	-0.13853821	
38.876	-0.13997766	
38.88	-0.082719553	
38.884	0.038514091	
38.888	0.072741004	
38.892	0.0677829	
38.896	0.049229994	
38.9	0.07338076	
38.904	0.125360884	
38.908	0.079938252	
38.912	0.021080757	
38.916	-0.000191109	
38.92	0.011964243	
38.924	0.038833969	
38.928	0.023319901	
38.932	0.018681675	
38.936	0.004607056	
38.94	-0.054730255	
38.944	-0.093275517	
38.948	-0.082719553	
38.952	-0.064326586	
38.956	-0.028340346	
38.96	0.003967301	
38.964	0.00124834	
38.968	-0.050092029	
38.972	-0.10399142	
38.976	-0.088317413	
38.98	-0.014585605	
38.984	0.048270361	
38.988	0.077219292	
38.992	0.090174338	
38.996	0.096731831	
39	0.127120212	
39.004	0.079298497	
39.008	-0.015225361	
39.012	-0.08175992	
39.016	-0.055689888	
39.02	0.000928463	
39.024	0.020281063	
39.028	0.017402164	
39.032	-0.031219245	
39.036	-0.08175992	
39.04	-0.084638819	
39.044	-0.066885608	
39.048	-0.039376126	
39.052	0.021400635	
39.056	0.086015928	
39.06	0.14535324	
39.064	0.14391379	
39.068	0.05258871	
39.072	-0.017784382	
39.076	-0.030099673	
39.08	0.012124182	
39.084	-0.04993209	
39.088	-0.167167263	
39.092	-0.152932706	
39.096	-0.028820162	
39.1	0.05530767	
39.104	0.030677088	
39.108	-0.009147684	
39.112	0.021080757	
39.116	0.052748649	
39.12	0.0900144	
39.124	0.089854461	
39.128	0.0068462	
39.132	-0.059528421	
39.136	-0.091996006	
39.14	-0.095034844	
39.144	-0.061287748	
39.148	0.005726628	
39.152	0.059626019	
39.156	0.086495745	
39.16	0.070661799	
39.164	0.051789016	
39.168	0.006526322	
39.172	-0.059848298	
39.176	-0.041295392	
39.18	0.0068462	
39.184	0.000608585	
39.188	-0.06656573	
39.192	-0.085598452	
39.196	0.01100461	
39.2	0.115604615	
39.204	0.117523881	
39.208	0.007166078	
39.212	-0.110708851	
39.216	-0.119505488	
39.22	-0.007548296	
39.224	0.075300026	
39.228	0.050669444	
39.232	0.008445589	
39.236	-0.018424137	
39.24	0.013403693	
39.244	0.046670973	
39.248	0.022680146	
39.252	0.000928463	
39.256	-0.009947379	
39.26	-0.02914004	
39.264	-0.021942792	
39.268	-0.050731784	
39.272	-0.043854414	
39.276	0.029397577	
39.28	0.04427189	
39.284	-0.003549825	
39.288	-0.069444629	
39.292	-0.081919859	
39.296	-0.047692946	
39.3	0.041392991	
39.304	0.173822354	
39.308	0.176861192	
39.312	0.023000023	
39.316	-0.079840654	
39.32	-0.076961755	
39.324	-0.119665426	
39.328	-0.073603039	
39.332	0.023000023	
39.336	0.10376914	
39.34	0.097531525	
39.344	-0.071044018	
39.348	-0.06512628	
39.352	0.014043448	
39.356	0.035475253	
39.36	0.06090553	
39.364	0.021880452	
39.368	-0.005149213	
39.372	-0.031059306	
39.376	-0.045133925	
39.38	0.011964243	
39.384	0.106168223	
39.388	0.063304612	
39.392	-0.085278575	
39.396	-0.130061451	
39.4	-0.061767565	
39.404	0.007645894	
39.408	-0.028340346	
39.412	-0.122384387	
39.416	-0.099033315	
39.42	-0.014105789	
39.424	0.02347984	
39.428	0.065543756	
39.432	0.106967917	
39.436	0.14119483	
39.44	0.152710427	
39.444	0.070661799	
39.448	-0.012026584	
39.452	-0.028500285	
39.456	0.025079228	
39.46	0.055627548	
39.464	-0.006748602	
39.468	-0.063686831	
39.472	-0.057929032	
39.476	-0.039216187	
39.48	-0.034418022	
39.484	-0.061127809	
39.488	-0.087837596	
39.492	-0.053290806	
39.496	-0.006588663	
39.5	0.022680146	
39.504	0.024439473	
39.508	0.006366384	
39.512	-0.014265727	
39.516	0.00412724	
39.52	0.072261188	
39.524	0.105688406	
39.528	0.061545285	
39.532	0.02076088	
39.536	0.025399106	
39.54	0.057386875	
39.544	0.018201858	
39.548	-0.12750243	
39.552	-0.263450448	
39.556	-0.214988978	
39.56	-0.004029641	
39.564	0.1480722	
39.568	0.117843759	
39.572	-0.014745544	
39.576	-0.064806403	
39.58	0.019481369	
39.584	0.105688406	
39.588	0.141354769	
39.592	0.13015905	
39.596	0.080578008	
39.6	0.020281063	
39.604	-0.032338817	
39.608	-0.029299979	
39.612	-0.036817105	
39.616	-0.072323528	
39.62	-0.080320471	
39.624	-0.169406407	
39.628	-0.211630262	
39.632	0.035635192	
39.636	0.22436303	
39.64	-0.377646784	
39.644	-0.594843735	
39.648	0.399815943	
39.652	0.80318171	
39.656	0.294576183	
39.66	-0.246017114	
39.664	-0.261051366	
39.668	0.00956516	
39.672	0.181019602	
39.676	0.184698196	
39.68	0.087455378	
39.684	-0.092155945	
39.688	-0.233381945	
39.692	-0.229383474	
39.696	-0.150053807	
39.7	-0.00147062	
39.704	0.105688406	
39.708	0.12456119	
39.712	0.087775256	
39.716	0.003487484	
39.72	-0.042255025	
39.724	-0.018264199	
39.728	0.045711339	
39.732	0.078178925	
39.736	0.03739452	
39.74	-0.028500285	
39.744	-0.079840654	
39.748	-0.040975515	
39.752	0.021880452	
39.756	0.005726628	
39.76	-0.036497227	
39.764	-0.059048604	
39.768	-0.055050133	
39.772	-0.020343404	
39.776	0.037874336	
39.78	0.107607673	
39.784	0.113045593	
39.788	0.014523265	
39.792	-0.080160532	
39.796	-0.089117107	
39.8	-0.02770059	
39.804	0.000768524	
39.808	0.00828565	
39.812	0.025239167	
39.816	0.043632134	
39.82	0.042992379	
39.824	0.007805833	
39.828	0.000608585	
39.832	0.029237638	
39.836	0.007645894	
39.84	-0.031219245	
39.844	-0.065286219	
39.848	-0.064966341	
39.852	-0.013625972	
39.856	-0.0125064	
39.86	0.002207974	
39.864	0.069382289	
39.868	0.028597883	
39.872	-0.040655637	
39.876	-0.023382242	
39.88	0.016442531	
39.884	0.015322959	
39.888	0.003007668	
39.892	-0.010107318	
39.896	-0.007228418	
39.9	0.014843142	
39.904	0.013563632	
39.908	0.01244406	
39.912	0.01660247	
39.916	0.02491929	
39.92	0.055627548	
39.924	0.047150789	
39.928	0.012124182	
39.932	0.001088402	
39.936	-0.031859	
39.94	-0.108309768	
39.944	-0.101912215	
39.948	-0.048812518	
39.952	0.007326017	
39.956	0.005566689	
39.96	-0.059048604	
39.964	-0.068325057	
39.968	-0.02226267	
39.972	0.047950483	
39.976	0.102329691	
39.98	0.108407367	
39.984	0.100250486	
39.988	0.099290853	
39.992	0.053228465	
39.996	0.034995437	
40	-0.007388357	
40.004	-0.075042489	
40.008	-0.098553499	
40.012	-0.105750747	
40.016	-0.094395089	
40.02	-0.085758391	
40.024	-0.05552995	
40.028	0.016922347	
40.032	0.081377702	
40.036	0.085696051	
40.04	0.053708282	
40.044	0.058186569	
40.048	0.05946608	
40.052	0.063784429	
40.056	0.05530767	
40.06	0.002847729	
40.064	-0.09839356	
40.068	-0.148774296	
40.072	-0.075522305	
40.076	0.032276476	
40.08	0.053868221	
40.084	0.013083815	
40.088	-0.022582547	
40.092	-0.067365424	
40.096	-0.055370011	
40.1	-0.00978744	
40.104	0.020600941	
40.108	0.069542227	
40.112	0.0871355	
40.116	0.02491929	
40.12	0.005246812	
40.124	0.022840085	
40.128	0.019641308	
40.132	-0.004509458	
40.136	-0.058088971	
40.14	-0.082399676	
40.144	-0.053450745	
40.148	-0.002430253	
40.152	0.010364855	
40.156	0.010684732	
40.16	0.034995437	
40.164	0.016442531	
40.168	-0.038416493	
40.172	-0.064006708	
40.176	-0.004669397	
40.18	0.076259659	
40.184	0.103449263	
40.188	0.040273419	
40.192	-0.034098144	
40.196	-0.034577961	
40.2	-0.015865116	
40.204	-0.048012824	
40.208	-0.015385299	
40.212	0.159427858	
40.216	0.212207677	
40.22	0.138315931	
40.224	0.092573421	
40.228	-0.226184697	
40.232	-0.574051686	
40.236	-0.288880725	
40.24	0.042672501	
40.244	0.246914407	
40.248	0.328323279	
40.252	0.152550488	
40.256	-0.040655637	
40.26	-0.141257171	
40.264	-0.107030258	
40.268	-0.027060835	
40.272	0.037554458	
40.276	0.069062411	
40.28	0.018361797	
40.284	-0.024181936	
40.288	-0.012666339	
40.292	0.004447117	
40.296	0.038034275	
40.3	0.023799718	
40.304	-0.039536065	
40.308	-0.106230563	
40.312	-0.0927957	
40.316	0.004926934	
40.32	0.064264245	
40.324	0.035635192	
40.328	0.003647423	
40.332	0.031636721	
40.336	0.045391462	
40.34	-0.008507929	
40.344	-0.049772151	
40.348	-0.018744015	
40.352	0.050669444	
40.356	0.043312257	
40.36	-0.00147062	
40.364	0.000608585	
40.368	0.009725099	
40.372	0.038354153	
40.376	0.080897885	
40.38	0.086175867	
40.384	-0.027220774	
40.388	-0.122544326	
40.392	-0.112468178	
40.396	-0.062727198	
40.4	-0.00978744	
40.404	0.015003081	
40.408	-0.015065422	
40.412	-0.04849264	
40.416	-0.006268785	
40.42	0.079938252	
40.424	0.134797276	
40.428	0.07338076	
40.432	-0.04161527	
40.436	-0.060647993	
40.44	-0.024341875	
40.444	0.008925405	
40.448	-0.001790498	
40.452	0.00124834	
40.456	0.03035721	
40.46	0.020121124	
40.464	-0.054410378	
40.468	-0.078401204	
40.472	-0.012186522	
40.476	0.04699085	
40.48	0.08857495	
40.484	0.058186569	
40.488	-0.036337288	
40.492	-0.09423515	
40.496	-0.086718024	
40.5	0.009405222	
40.504	0.065223879	
40.508	-0.003709764	
40.512	-0.108949524	
40.516	-0.129421696	
40.52	-0.023702119	
40.524	0.104089018	
40.528	0.139595442	
40.532	0.076259659	
40.536	0.055947426	
40.54	0.062664857	
40.544	0.035475253	
40.548	0.049709811	
40.552	0.149031833	
40.556	0.139595442	
40.56	-0.658659335	
40.564	-0.793487781	
40.568	0.404614108	
40.572	0.847964587	
40.576	0.227721745	
40.58	-0.362452593	
40.584	-0.330464824	
40.588	-0.106230563	
40.592	0.052428771	
40.596	0.166944984	
40.6	0.171103394	
40.604	0.047470667	
40.608	-0.070244323	
40.612	-0.125263286	
40.616	-0.083839125	
40.62	0.007645894	
40.624	-3.11703E-05	
40.628	-0.061447687	
40.632	-0.054730255	
40.636	0.050669444	
40.64	0.102969446	
40.644	0.024119595	
40.648	-0.07904096	
40.652	-0.03057949	
40.656	0.087455378	
40.66	0.176541315	
40.664	0.144233668	
40.668	-0.023062364	
40.672	-0.151173379	
40.676	-0.125583164	
40.68	-0.04993209	
40.684	0.003807362	
40.688	0.025399106	
40.692	0.037074642	
40.696	0.027478311	
40.7	0.020920818	
40.704	0.000608585	
40.708	-0.034418022	
40.712	-0.017784382	
40.716	-0.013625972	
40.72	-0.03601741	
40.724	-0.065606097	
40.728	-0.06096787	
40.732	0.002367912	
40.736	0.102169752	
40.74	0.176701254	
40.744	0.151590855	
40.748	0.040913174	
40.752	-0.071363895	
40.756	-0.092475823	
40.76	-0.110229035	
40.764	-0.104951053	
40.768	-0.059848298	
40.772	-0.001950436	
40.776	0.048590239	
40.78	0.032276476	
40.784	-0.024341875	
40.788	-0.018264199	
40.792	0.049389933	
40.796	0.100890241	
40.8	0.088255072	
40.804	0.046670973	
40.808	-0.014105789	
40.812	-0.067045546	
40.816	-0.080480409	
40.82	-0.102072153	
40.824	-0.107510074	
40.828	-0.076641877	
40.832	-0.035697533	
40.836	0.032756293	
40.84	0.093692993	
40.844	0.114804921	
40.848	0.066503389	
40.852	0.029877394	
40.856	0.043952012	
40.86	0.054188098	
40.864	0.02763825	
40.868	-0.022902425	
40.872	-0.012346461	
40.876	-0.00147062	
40.88	-0.087677657	
40.884	-0.197875522	
40.888	-0.060488054	
40.892	0.192535199	
40.896	0.15782847	
40.9	-0.091036373	
40.904	-0.189238824	
40.908	-0.005948908	
40.912	0.228201562	
40.916	0.234759054	
40.92	0.01372357	
40.924	-0.231622618	
40.928	-0.282323232	
40.932	-0.11086879	
40.936	0.119603086	
40.94	0.217965476	
40.944	0.114325104	
40.948	-0.014745544	
40.952	-0.050411906	
40.956	-0.08319937	
40.96	-0.116146772	
40.964	-0.057129338	
40.968	0.053068526	
40.972	0.089054766	
40.976	0.107447734	
40.98	0.007326017	
40.984	0.018681675	
40.988	0.068102778	
40.992	-0.008507929	
40.996	-0.036817105	
41	-0.014745544	
41.004	0.031156905	
41.008	-0.003869703	
41.012	-0.094555028	
41.016	-0.156931177	
41.02	-0.15517185	
41.024	-0.072643406	
41.028	0.057866692	
41.032	0.131918377	
41.036	0.115764554	
41.04	0.091613788	
41.044	0.052108893	
41.048	-0.042414964	
41.052	-0.056489583	
41.056	0.123761496	
41.06	0.16470584	
41.064	0.033875865	
41.068	0.061705224	
41.072	-0.116146772	
41.076	-0.445460854	
41.08	-0.310792346	
41.084	-0.001950436	
41.088	0.131918377	
41.092	0.207889328	
41.096	0.158308286	
41.1	0.042032746	
41.104	-0.024181936	
41.108	-0.001150742	
41.112	0.064904001	
41.116	0.116724187	
41.12	0.069542227	
41.124	-0.072003651	
41.128	-0.198195399	
41.132	-0.198835155	
41.136	-0.055050133	
41.14	0.131598499	
41.144	0.162946513	
41.148	0.038354153	
41.152	-0.063686831	
41.156	-0.052810989	
41.16	0.005246812	
41.164	0.010684732	
41.168	-0.000670926	
41.172	-0.00418958	
41.176	0.046670973	
41.18	0.043952012	
41.184	-0.025301508	
41.188	-0.075842183	
41.192	-0.059368482	
41.196	0.0261988	
41.2	0.092413482	
41.204	0.05530767	
41.208	-0.043694475	
41.212	-0.107829952	
41.216	-0.075842183	
41.22	0.034995437	
41.224	0.076739475	
41.228	0.033076171	
41.232	-0.024021997	
41.236	-0.010907012	
41.24	0.055467609	
41.244	0.072421127	
41.248	0.0290777	
41.252	-0.026581019	
41.256	-0.068964813	
41.26	-0.04721313	
41.264	-0.020183465	
41.268	-0.047692946	
41.272	-0.085118636	
41.276	-0.09007674	
41.28	-0.012986217	
41.284	0.0290777	
41.288	0.087455378	
41.292	0.108247428	
41.296	0.065223879	
41.3	0.10376914	
41.304	0.108407367	
41.308	0.055787487	
41.312	-0.030419551	
41.316	-0.081919859	
41.32	-0.050731784	
41.324	-0.010747073	
41.328	-0.032978572	
41.332	-0.125743103	
41.336	-0.166847386	
41.34	-0.067525363	
41.344	0.073860576	
41.348	0.136076787	
41.352	0.147752323	
41.356	0.092253543	
41.36	0.059146202	
41.364	0.016762408	
41.368	-0.075362366	
41.372	-0.08863729	
41.376	-0.029619857	
41.38	-0.007548296	
41.384	-0.039855943	
41.388	-0.06512628	
41.392	0.025079228	
41.396	0.226442234	
41.4	0.004447117	
41.404	-0.878415308	
41.408	-0.393800607	
41.412	0.755040118	
41.416	0.70353981	
41.42	0.066183512	
41.424	-0.306314059	
41.428	-0.257532711	
41.432	-0.055210072	
41.436	0.123121741	
41.44	0.128559661	
41.444	0.022520207	
41.448	-0.069124751	
41.452	-0.078881021	
41.456	-0.013785911	
41.46	0.040753235	
41.464	0.048110422	
41.468	-0.014745544	
41.472	-0.042095087	
41.476	-0.042734842	
41.48	-0.039855943	
41.484	-0.013625972	
41.488	0.006206445	
41.492	0.013563632	
41.496	0.029877394	
41.5	0.048750178	
41.504	0.078498803	
41.508	0.061865163	
41.512	0.021560574	
41.516	-0.002750131	
41.52	0.011964243	
41.524	0.015003081	
41.528	0.002527851	
41.532	-0.011226889	
41.536	-0.03889631	
41.54	-0.080960226	
41.544	-0.100792643	
41.548	-0.090396618	
41.552	-0.066405791	
41.556	-0.047373068	
41.56	0.018681675	
41.564	0.080578008	
41.568	0.085376173	
41.572	0.032276476	
41.576	-0.021303037	
41.58	-0.010587134	
41.584	0.060265774	
41.588	0.127919906	
41.592	0.105688406	
41.596	0.024119595	
41.6	-0.042894781	
41.604	-0.118865732	
41.608	-0.157570933	
41.612	-0.125743103	
41.616	-0.032018939	
41.62	0.042512563	
41.624	0.017402164	
41.628	-0.042095087	
41.632	-0.004509458	
41.636	0.061545285	
41.64	0.097691464	
41.644	0.136236726	
41.648	0.121522352	
41.652	0.059306141	
41.656	0.023799718	
41.66	-0.005469091	
41.664	-0.021462976	
41.668	-0.015225361	
41.672	-0.035377655	
41.676	-0.052331173	
41.68	-0.048172763	
41.684	-0.053130867	
41.688	-0.026101202	
41.692	-0.031059306	
41.696	-0.108629646	
41.7	-0.143496314	
41.704	-0.068484996	
41.708	0.00828565	
41.712	0.022520207	
41.716	0.011484427	
41.72	0.037874336	
41.724	0.101370058	
41.728	0.138635808	
41.732	0.120562719	
41.736	0.095772198	
41.74	0.046511034	
41.744	-0.036177349	
41.748	-0.060328115	
41.752	-0.044494169	
41.756	-0.016184994	
41.76	-0.027380713	
41.764	-0.051851356	
41.768	-0.075202427	
41.772	-0.091836067	
41.776	-0.06512628	
41.78	-0.017784382	
41.784	0.008445589	
41.788	0.035155376	
41.792	0.084096662	
41.796	0.138315931	
41.8	0.159587797	
41.804	0.132238255	
41.808	0.048910116	
41.812	-0.041455331	
41.816	-0.089277046	
41.82	-0.074402733	
41.824	-0.032978572	
41.828	-0.022102731	
41.832	-0.052491111	
41.836	-0.0956746	
41.84	-0.0927957	
41.844	-0.052810989	
41.848	-0.002110375	
41.852	0.017242225	
41.856	0.01244406	
41.86	0.032276476	
41.864	0.070341922	
41.868	0.040913174	
41.872	-0.017624443	
41.876	-0.0347379	
41.88	-0.01666481	
41.884	0.000608585	
41.888	-0.009467562	
41.892	-0.013466033	
41.896	0.03595507	
41.9	0.079618375	
41.904	0.046670973	
41.908	-0.017144627	
41.912	-0.023382242	
41.916	0.024279534	
41.92	0.046511034	
41.924	0.044591768	
41.928	0.00412724	
41.932	-0.031859	
41.936	-0.0125064	
41.94	0.003807362	
41.944	-0.071203956	
41.948	-0.155651667	
41.952	-0.106390502	
41.956	-0.004509458	
41.96	0.046351095	
41.964	0.029557516	
41.968	0.011804304	
41.972	0.070341922	
41.976	0.093373115	
41.98	0.055787487	
41.984	0.015962714	
41.988	0.025399106	
41.992	0.018521736	
41.996	-0.003389886	
42	0.00124834	
42.004	0.022360268	
42.008	-0.071363895	
42.012	-0.194516806	
42.016	-0.062247381	
42.02	0.0677829	
42.024	0.111606144	
42.028	0.188376789	
42.032	0.028597883	
42.036	-0.365171554	
42.04	-0.303275221	
42.044	0.016282592	
42.048	0.215406454	
42.052	0.337279854	
42.056	0.242116241	
42.06	0.065543756	
42.064	-0.109909157	
42.068	-0.202993565	
42.072	-0.124303653	
42.076	-0.0125064	
42.08	0.055787487	
42.084	-0.000351048	
42.088	-0.103831481	
42.092	-0.101272459	
42.096	0.00828565	
42.1	0.087295439	
42.104	0.036754764	
42.108	-0.035857472	
42.112	-0.050891723	
42.116	-0.003709764	
42.12	0.058186569	
42.124	0.085056295	
42.128	0.065223879	
42.132	0.029397577	
42.136	0.010204916	
42.14	-0.00147062	
42.144	-0.028820162	
42.148	-0.040335759	
42.152	-0.006748602	
42.156	-0.012986217	
42.16	-0.06512628	
42.164	-0.067845241	
42.168	-0.074402733	
42.172	-0.010587134	
42.176	0.132558132	
42.18	0.083616846	
42.184	-0.013306094	
42.188	0.07466027	
42.192	0.036274948	
42.196	-0.057929032	
42.2	-0.070084384	
42.204	-0.04849264	
42.208	0.005086873	
42.212	0.045071584	
42.216	0.07050186	
42.22	0.099930608	
42.224	0.097851403	
42.228	0.033555987	
42.232	-0.03601741	
42.236	-0.101272459	
42.24	-0.129261757	
42.244	-0.115986833	
42.248	-0.063846769	
42.252	0.010844671	
42.256	0.027318372	
42.26	-0.020023526	
42.264	0.013243754	
42.268	0.067143145	
42.272	0.132558132	
42.276	0.086015928	
42.28	-0.091356251	
42.284	-0.176923533	
42.288	-0.125903041	
42.292	-0.072323528	
42.296	0.015802775	
42.3	0.163746207	
42.304	0.206449879	
42.308	0.116724187	
42.312	-0.00418958	
42.316	-0.066885608	
42.32	-0.078241266	
42.324	-0.050251968	
42.328	0.08025813	
42.332	-0.188599069	
42.336	-0.048652579	
42.34	0.030197271	
42.344	-0.044814047	
42.348	0.174781988	
42.352	0.011964243	
42.356	-0.063047075	
42.36	0.20628994	
42.364	0.074820209	
42.368	-0.183960842	
42.372	-1.052908588	
42.376	-0.100952582	
42.38	0.663555098	
42.384	0.590463046	
42.388	-0.172125368	
42.392	-0.322307943	
42.396	-0.263770326	
42.4	0.224842846	
42.404	0.323365175	
42.408	0.532405245	
42.412	0.235078932	
42.416	-0.09151619	
42.42	-0.278964516	
42.424	-0.138858088	
42.428	0.047310728	
42.432	0.116564248	
42.436	0.023799718	
42.44	-0.068484996	
42.444	-0.046893252	
42.448	0.215886271	
42.452	-0.023382242	
42.456	-0.547341898	
42.46	-0.536785935	
42.464	-0.154692034	
42.468	0.070022044	
42.472	0.161826941	
42.476	-0.005788969	
42.48	0.010204916	
42.484	0.190775872	
42.488	0.184698196	
42.492	0.188696667	
42.496	-0.061607626	
42.5	-0.153412523	
42.504	-0.023542181	
42.508	0.208049267	
42.512	0.207889328	
42.516	-0.009307623	
42.52	-0.098073682	
42.524	-0.226024758	
42.528	-0.258172466	
42.532	-0.112468178	
42.536	-0.128941879	
42.54	0.324164869	
42.544	0.497058761	
42.548	0.252352327	
42.552	0.059146202	
42.556	-0.141896926	
42.56	-0.106870319	
42.564	-0.036817105	
42.568	-0.107670013	
42.572	-0.072003651	
42.576	-0.104951053	
42.58	-0.012026584	
42.584	-0.00418958	
42.588	0.043312257	
42.592	-0.086877963	
42.596	-0.035217716	
42.6	-0.064966341	
42.604	-0.01394585	
42.608	-0.113107934	
42.612	0.03035721	
42.616	0.035475253	
42.62	0.162466696	
42.624	0.094492687	
42.628	-0.022742486	
42.632	0.067622961	
42.636	-0.031699062	
42.64	0.101849874	
42.644	0.021400635	
42.648	-0.282803049	
42.652	-0.005469091	
42.656	-0.398438834	
42.66	0.268346212	
42.664	-3.11703E-05	
42.668	0.245954774	
42.672	0.190775872	
42.676	-0.120784998	
42.68	0.246274651	
42.684	-0.315110695	
42.688	0.284020219	
42.692	-0.198515277	
42.696	0.355193005	
42.7	-0.136778883	
42.704	-0.329825069	
42.708	0.131598499	
42.712	0.001088402	
42.716	0.300014103	
42.72	0.047630606	
42.724	-0.181241882	
42.728	-0.45985535	
42.732	-0.043534536	
42.736	0.085536112	
42.74	0.103449263	
42.744	-0.234341578	
42.748	-0.187799374	
42.752	-0.197235766	
42.756	0.047950483	
42.76	0.18277893	
42.764	0.266267007	
42.768	0.197333365	
42.772	0.06090553	
42.776	0.014363326	
42.78	-0.119345549	
42.784	-0.016824749	
42.788	-0.10527093	
42.792	0.161826941	
42.796	0.09961073	
42.8	0.19381471	
42.804	-0.094874905	
42.808	-0.01394585	
42.812	-0.115187139	
42.816	0.004287179	
42.82	0.048590239	
42.824	-0.081919859	
42.828	0.157188715	
42.832	-0.210030874	
42.836	0.218445292	
42.84	-0.230343107	
42.844	0.212847433	
42.848	-0.095194783	
42.852	0.139915319	
42.856	-0.052331173	
42.86	-0.323427515	
42.864	-0.007868174	
42.868	-0.311911918	
42.872	0.179260275	
42.876	-0.075522305	
42.88	0.050029688	
42.884	0.191735505	
42.888	-0.046093558	
42.892	0.192855077	
42.896	-0.154052278	
42.9	-0.042734842	
42.904	-0.00147062	
42.908	-0.116786527	
42.912	0.223403396	
42.916	0.049389933	
42.92	0.134477399	
42.924	0.037714397	
42.928	-0.327425986	
42.932	-0.031379184	
42.936	-0.060168176	
42.94	-0.10814983	
42.944	0.234119299	
42.948	0.137516237	
42.952	0.282900647	
42.956	0.177500948	
42.96	-0.14685503	
42.964	-0.057609155	
42.968	-0.113107934	
42.972	-0.184920475	
42.976	-0.040015882	
42.98	-0.097433927	
42.984	-0.025301508	
42.988	-0.008827807	
42.992	-0.141577048	
42.996	0.01932143	
43	0.006046506	
43.004	-0.043214658	
43.008	0.184698196	
43.012	0.176061498	
43.016	0.17446211	
43.02	0.141994524	
43.024	-0.140457476	
43.028	0.001088402	
43.032	0.083776785	
43.036	0.081057824	
43.04	0.098811036	
43.044	-0.946869134	
43.048	-0.463214066	
43.052	0.640683843	
43.056	0.60933583	
43.06	-0.016025055	
43.064	-0.293039135	
43.068	-0.244897542	
43.072	-0.039536065	
43.076	0.066183512	
43.08	0.224842846	
43.084	-0.000990803	
43.088	0.039633663	
43.092	-0.021622914	
43.096	0.102329691	
43.1	-0.064326586	
43.104	0.015003081	
43.108	-0.035857472	
43.112	0.025079228	
43.116	0.054507976	
43.12	-0.021143098	
43.124	0.077699108	
43.128	-0.017464504	
43.132	-0.01666481	
43.136	-0.034577961	
43.14	-0.082079798	
43.144	-0.090876434	
43.148	-0.028020468	
43.152	0.010204916	
43.156	-0.030899367	
43.16	-0.071044018	
43.164	-0.06928469	
43.168	-0.011706706	
43.172	0.064424184	
43.176	0.075140087	
43.18	0.064584123	
43.184	0.0677829	
43.188	0.039473724	
43.192	0.008125711	
43.196	0.007326017	
43.2	0.032116538	
43.204	0.061065469	
43.208	0.053708282	
43.212	-0.00418958	
43.216	-0.038256554	
43.22	0.050829382	
43.224	0.058826325	
43.228	-0.031219245	
43.232	-0.110229035	
43.236	-0.113747689	
43.24	-0.104151358	
43.244	-0.104471236	
43.248	-0.029459918	
43.252	0.029877394	
43.256	-0.007708235	
43.26	-0.072963284	
43.264	-0.103511603	
