
82.34	-0.057722717	
82.344	-0.083531716	
82.348	-0.109340715	
82.352	-0.117147141	
82.356	-0.085602809	
82.36	-0.029523996	
82.364	0.021934688	
82.368	0.038344113	
82.372	0.033086724	
82.376	0.052204502	
82.38	0.096334704	
82.384	0.109876463	
82.388	0.073871316	
82.392	0.021456743	
82.396	-0.024425922	
82.4	-0.061386958	
82.404	-0.070467902	
82.408	-0.057404088	
82.412	-0.035418644	
82.416	-0.017097441	
82.42	-0.023788663	
82.424	-0.033666181	
82.428	0.001064448	
82.432	0.047265742	
82.436	0.079765964	
82.44	0.129153555	
82.444	0.182205386	
82.448	0.201801108	
82.452	0.192401534	
82.456	0.135207517	
82.46	0.025280299	
82.464	-0.054377106	
82.468	-0.083850346	
82.472	-0.135627659	
82.476	-0.196326602	
82.48	-0.221816971	
82.484	-0.217356156	
82.488	-0.175774991	
82.492	-0.094046494	
82.496	-0.025541126	
82.5	-0.001006645	
82.504	0.001542392	
82.508	0.009189503	
82.512	0.035954391	
82.516	0.041849039	
82.52	0.020819484	
82.524	0.012853744	
82.528	0.019385651	
82.532	0.047743687	
82.536	0.098087167	
82.54	0.135844777	
82.544	0.167548424	
82.548	0.167867053	
82.552	0.123577536	
82.556	0.07068502	
82.56	0.006640466	
82.564	-0.041631921	
82.568	-0.057085458	
82.572	-0.049119717	
82.576	-0.033506866	
82.58	-0.03398481	
82.584	-0.057085458	
82.588	-0.083372401	
82.592	-0.07174242	
82.596	-0.056288884	
82.6	-0.081141994	
82.604	-0.097710734	
82.608	-0.173385269	
82.612	-0.245714193	
82.616	-0.069193383	
82.62	0.194631941	
82.624	0.277794272	
82.628	0.217254644	
82.632	0.079606649	
82.636	-0.023629348	
82.64	-0.030798514	
82.644	-0.101374975	
82.648	-0.241094063	
82.652	-0.313263672	
82.656	-0.208434527	
82.66	0.085341982	
82.664	0.40126325	
82.668	0.542734801	
82.672	0.466582322	
82.676	0.224901755	
82.68	-0.079548846	
82.684	-0.255591711	
82.688	-0.257981433	
82.692	-0.164622954	
82.696	-0.09293129	
82.7	-0.141522307	
82.704	-0.182944158	
82.708	-0.102808808	
82.712	0.060488872	
82.716	0.134729573	
82.72	0.067817353	
82.724	0.022412632	
82.728	0.037069595	
82.732	0.068295297	
82.736	0.035795076	
82.74	-0.040994662	
82.744	-0.037171107	
82.748	0.061922705	
82.752	0.102070037	
82.756	0.023368521	
82.76	-0.03828631	
82.764	-0.044658903	
82.768	-0.016619496	
82.772	0.033246039	
82.776	-0.003874311	
82.78	-0.098029364	
82.784	-0.139929159	
82.788	-0.118740289	
82.792	-0.008972385	
82.796	0.076420353	
82.8	0.056506001	
82.804	0.014446892	
82.808	-0.00116596	
82.812	0.039140687	
82.816	0.065905575	
82.82	0.073712001	
82.824	0.092989093	
82.828	0.051885872	
82.832	-0.0134332	
82.836	-0.038445625	
82.84	-0.010406219	
82.844	0.021934688	
82.848	0.002816911	
82.852	-0.044499588	
82.856	-0.078115013	
82.86	-0.100419086	
82.864	-0.106950993	
82.868	-0.087514587	
82.872	-0.051987384	
82.876	-0.030957829	
82.88	-0.010406219	
82.884	0.012535114	
82.888	0.024802354	
82.892	0.036273021	
82.896	0.05379765	
82.9	0.071322279	
82.904	0.090440056	
82.908	0.107964685	
82.912	0.111469611	
82.916	0.093626352	
82.92	0.056187372	
82.924	0.026236188	
82.928	0.001223762	
82.932	-0.037808366	
82.936	-0.085762124	
82.94	-0.119536863	
82.944	-0.131485474	
82.948	-0.132441363	
82.952	-0.200468787	
82.956	-0.28108208	
82.96	-0.057244773	
82.964	0.540663708	
82.968	0.737417498	
82.972	0.182683331	
82.976	-0.342258967	
82.98	-0.421916372	
82.984	-0.266743748	
82.988	-0.13467177	
82.992	0.06638352	
82.996	0.225539015	
83	0.264571143	
83.004	0.178381831	
83.008	-0.053421217	
83.012	-0.1435934	
83.016	-0.154904751	
83.02	-0.119058919	
83.024	-0.041950551	
83.028	-0.007379237	
83.032	0.090121426	
83.036	0.090758686	
83.04	0.010941966	
83.044	-0.043862329	
83.048	-0.078752272	
83.052	-0.023629348	
83.056	0.059214353	
83.06	0.072278168	
83.064	0.044238761	
83.068	0.033883298	
83.072	0.031015632	
83.076	0.021934688	
83.08	0.021138114	
83.084	0.015562095	
83.088	0.026714132	
83.092	0.066702149	
83.096	0.057939835	
83.1	-0.002121849	
83.104	-0.016778811	
83.108	0.008870873	
83.112	0.002657596	
83.116	-0.025541126	
83.12	-0.078592957	
83.124	-0.116509882	
83.128	-0.114279475	
83.132	-0.13100753	
83.136	-0.149488048	
83.14	-0.135468344	
83.144	-0.099303882	
83.148	-0.043703014	
83.152	0.008711559	
83.156	0.048540261	
83.16	0.080881167	
83.164	0.089165537	
83.168	0.080243908	
83.172	0.07896939	
83.176	0.075464464	
83.18	0.070844334	
83.184	0.079447334	
83.188	0.088050334	
83.192	0.07036639	
83.196	0.028785225	
83.2	-0.030798514	
83.204	-0.077318439	
83.208	-0.081301309	
83.212	-0.051987384	
83.216	-0.037808366	
83.22	-0.029046051	
83.224	-0.017256755	
83.228	-0.004192941	
83.232	0.048062317	
83.236	0.097131278	
83.24	0.081359112	
83.244	0.035476447	
83.248	0.002179651	
83.252	-0.001803219	
83.256	0.006162522	
83.26	0.021138114	
83.264	0.018589077	
83.268	-0.0005287	
83.272	0.005365948	
83.276	0.012216484	
83.28	-0.008653756	
83.284	-0.031754403	
83.288	-0.058678606	
83.292	-0.084009661	
83.296	-0.097392105	
83.3	-0.103127438	
83.304	-0.096117586	
83.308	-0.057404088	
83.312	0.004250744	
83.316	0.036273021	
83.32	0.03691028	
83.324	0.026236188	
83.328	0.010145392	
83.332	-0.004033626	
83.336	-0.008972385	
83.34	-0.007538552	
83.344	0.02862591	
83.348	0.0952195	
83.352	0.141420795	
83.356	0.151776258	
83.36	0.131861906	
83.364	0.12437411	
83.368	0.082792945	
83.372	-0.000369386	
83.376	-0.075406661	
83.38	-0.102490179	
83.384	-0.092771975	
83.388	-0.093727864	
83.392	-0.099781827	
83.396	-0.11412016	
83.4	-0.116191252	
83.404	-0.085284179	
83.408	-0.036374533	
83.412	0.010623336	
83.416	0.028785225	
83.42	0.006640466	
83.424	-0.000369386	
83.428	0.013172373	
83.432	0.013013058	
83.436	0.046628483	
83.44	0.093307723	
83.444	0.086297871	
83.448	0.051567242	
83.452	0.028466595	
83.456	0.01970428	
83.46	0.015084151	
83.464	0.006321836	
83.468	0.020500854	
83.472	0.05347902	
83.476	0.055709427	
83.48	0.044079446	
83.484	0.02034154	
83.488	-0.028090163	
83.492	-0.05549231	
83.496	-0.072538994	
83.5	-0.066325717	
83.504	-0.02171757	
83.508	-0.035577959	
83.512	-0.094843068	
83.516	-0.101852919	
83.52	0.018748392	
83.524	-0.069193383	
83.528	-0.263238822	
83.532	-0.148054214	
83.536	-0.011521422	
83.54	0.045991224	
83.544	0.122303018	
83.548	0.156555702	
83.552	0.13759724	
83.556	0.124533425	
83.56	0.118479462	
83.564	0.091873889	
83.568	0.052204502	
83.572	0.002657596	
83.576	-0.037489736	
83.58	-0.031754403	
83.584	0.012375799	
83.588	0.135685462	
83.592	0.049655465	
83.596	-0.275187432	
83.6	-0.1392919	
83.604	0.026554817	
83.608	-0.023310718	
83.612	0.004410059	
83.616	0.004250744	
83.62	-0.001325274	
83.624	0.023527836	
83.628	0.01173854	
83.632	-0.030479885	
83.636	0.058577094	
83.64	0.107646055	
83.644	0.060329557	
83.648	0.027988651	
83.652	-0.221816971	
83.656	-0.124953567	
83.66	0.043442187	
83.664	-0.08034542	
83.668	-0.127980548	
83.672	-0.055332995	
83.676	-0.027771533	
83.68	-0.167331306	
83.684	-0.078433642	
83.688	0.322880363	
83.692	0.480124081	
83.696	0.352672233	
83.7	0.166273905	
83.704	-0.023947977	
83.708	-0.116350567	
83.712	-0.166534732	
83.716	-0.321707357	
83.72	-0.463178908	
83.724	-0.370457689	
83.728	0.062400649	
83.732	0.630995205	
83.736	0.873153716	
83.74	0.549426023	
83.744	-0.068396809	
83.748	-0.528975924	
83.752	-0.61229757	
83.756	-0.426536502	
83.76	-0.122563845	
83.764	0.125967258	
83.768	0.103663185	
83.772	-0.055651625	
83.776	-0.120811382	
83.78	-0.032710292	
83.784	0.072118853	
83.788	0.077216927	
83.792	0.043442187	
83.796	0.070844334	
83.8	0.074189945	
83.804	-0.020443052	
83.808	-0.099622512	
83.812	-0.064413939	
83.816	0.040096576	
83.82	0.046469168	
83.824	0.029103854	
83.828	0.034042613	
83.832	0.054116279	
83.836	0.101432778	
83.84	0.065268316	
83.844	-0.007060608	
83.848	-0.045296162	
83.852	-0.069193383	
83.856	-0.01311457	
83.86	0.049336835	
83.864	0.013172373	
83.868	-0.035418644	
83.872	-0.035577959	
83.876	-0.008653756	
83.88	0.021456743	
83.884	0.011579225	
83.888	-0.021558255	
83.892	-0.07237968	
83.896	-0.10950003	
83.9	-0.068715439	
83.904	0.00711841	
83.908	0.044238761	
83.912	0.076101723	
83.916	0.101910722	
83.92	0.071481594	
83.924	0.071481594	
83.928	0.091714574	
83.932	0.044238761	
83.936	-0.01311457	
83.94	-0.029842625	
83.944	-0.009928274	
83.948	0.022253317	
83.952	0.007277725	
83.956	-0.059315865	
83.96	-0.094046494	
83.964	-0.051031495	
83.968	0.030697002	
83.972	0.061126131	
83.976	0.022412632	
83.98	-0.047526569	
83.984	-0.083691031	
83.988	-0.059315865	
83.992	-0.028090163	
83.996	-0.009609645	
84	-0.035896588	
84.004	-0.053899162	
84.008	-0.016938126	
84.012	0.019226336	
84.016	0.029581799	
84.02	0.019385651	
84.024	-0.057722717	
84.028	-0.119536863	
84.032	-0.116350567	
84.036	-0.070627217	
84.04	0.43073649	
84.044	0.992639823	
84.048	0.344387863	
84.052	-0.427651705	
84.056	-0.591745959	
84.06	-0.416658983	
84.064	-0.035100014	
84.068	-0.013592515	
84.072	-0.085921438	
84.076	0.057621205	
84.08	0.09920237	
84.084	0.029103854	
84.088	0.034201928	
84.092	0.105734278	
84.096	0.086138556	
84.1	-0.027134274	
84.104	-0.076999809	
84.108	0.000108559	
84.112	0.050929983	
84.116	0.021138114	
84.12	0.019385651	
84.124	-0.005308145	
84.128	-0.05947518	
84.132	-0.078274328	
84.136	-0.075088031	
84.14	-0.059315865	
84.144	-0.019168533	
84.148	0.029581799	
84.152	0.043760817	
84.156	0.012853744	
84.16	-0.012636626	
84.164	-0.000688015	
84.168	0.009189503	
84.172	0.019385651	
84.176	0.035954391	
84.18	0.022731262	
84.184	0.020500854	
84.188	0.045672594	
84.192	0.051885872	
84.196	0.020500854	
84.2	0.008552244	
84.204	0.02002291	
84.208	0.009508133	
84.212	-0.016460181	
84.216	-0.039879458	
84.22	-0.067600235	
84.224	-0.066644346	
84.228	-0.037330421	
84.232	-0.016460181	
84.236	0.003613485	
84.24	0.01205717	
84.244	0.001223762	
84.248	-0.01805333	
84.252	-0.034144125	
84.256	-0.024425922	
84.26	-0.0005287	
84.264	0.045991224	
84.268	0.089165537	
84.272	0.094422926	
84.276	0.073552686	
84.28	0.02862591	
84.284	-0.014229774	
84.288	-0.004352256	
84.292	0.015880725	
84.296	0.013809632	
84.3	-5.0756E-05	
84.304	-0.017894015	
84.308	-0.031595088	
84.312	-0.04720794	
84.316	-0.05915655	
84.32	-0.066644346	
84.324	-0.077477754	
84.328	-0.066007087	
84.332	-0.014867033	
84.336	0.022412632	
84.34	0.056187372	
84.344	0.063356538	
84.348	0.040255891	
84.352	0.021934688	
84.356	-0.008175811	
84.36	-0.027771533	
84.364	-0.011202793	
84.368	0.015084151	
84.372	0.050770668	
84.376	0.056346687	
84.38	0.022253317	
84.384	0.007596355	
84.388	-0.020124422	
84.392	-0.037171107	
84.396	-0.014389089	
84.4	-0.018690589	
84.404	-0.015344978	
84.408	0.008711559	
84.412	0.01970428	
84.416	-0.015344978	
84.42	-0.071583106	
84.424	-0.082735142	
84.428	-0.039082884	
84.432	0.019067021	
84.436	0.061604075	
84.44	0.093148408	
84.444	0.080243908	
84.448	0.027510706	
84.452	-0.001006645	
84.456	0.002498281	
84.46	0.001383077	
84.464	-0.018690589	
84.468	-0.046411366	
84.472	-0.043862329	
84.476	-0.024266607	
84.48	0.000108559	
84.484	0.008392929	
84.488	-0.001006645	
84.492	-0.004352256	
84.496	-0.017097441	
84.5	-0.030479885	
84.504	-0.015822922	
84.508	0.01205717	
84.512	0.025758243	
84.516	0.01572141	
84.52	0.009986077	
84.524	0.019863595	
84.528	0.038025484	
84.532	0.042964243	
84.536	-0.008016496	
84.54	-0.05087218	
84.544	-0.039879458	
84.548	-0.022195515	
84.552	0.004410059	
84.556	0.013331688	
84.56	-0.015026348	
84.564	-0.014867033	
84.568	0.01141991	
84.572	0.027192076	
84.576	0.036113706	
84.58	0.002020337	
84.584	-0.043703014	
84.588	-0.049756977	
84.592	-0.053899162	
84.596	-0.062024217	
84.6	-0.030479885	
84.604	0.011897855	
84.608	0.043920131	
84.612	0.075623779	
84.616	0.061604075	
84.62	0.029422484	
84.624	0.016995929	
84.628	-0.004352256	
84.632	-0.002759108	
84.636	0.014446892	
84.64	0.021138114	
84.644	0.035157817	
84.648	0.030378373	
84.652	0.030697002	
84.656	0.041371095	
84.66	0.011260595	
84.664	-0.00945033	
84.668	-0.026974959	
84.672	-0.011680737	
84.676	0.027032762	
84.68	0.019385651	
84.684	0.012694429	
84.688	0.007596355	
84.692	-0.018371959	
84.696	-0.035100014	
84.7	-0.026656329	
84.704	0.013013058	
84.708	0.023368521	
84.712	-0.021239626	
84.716	-0.088789105	
84.72	-0.136105604	
84.724	-0.118740289	
84.728	-0.075088031	
84.732	-0.044021643	
84.736	-0.018212644	
84.74	-0.013911144	
84.744	-0.001803219	
84.748	0.015402781	
84.752	0.023049891	
84.756	0.009667447	
84.76	-0.019009218	
84.764	-0.001325274	
84.768	0.049814779	
84.772	0.087731704	
84.776	0.106849481	
84.78	0.063993798	
84.784	0.018429762	
84.788	0.015562095	
84.792	0.017473873	
84.796	0.047106428	
84.8	0.077694871	
84.804	0.069091871	
84.808	0.03260878	
84.812	-0.031913718	
84.816	-0.116828512	
84.82	-0.141203677	
84.824	-0.20222125	
84.828	-0.332381449	
84.832	-0.043065755	
84.836	0.477415729	
84.84	0.579855151	
84.844	0.318897493	
84.848	-0.0048302	
84.852	-0.185493195	
84.856	-0.190591268	
84.86	-0.298447395	
84.864	-0.367590022	
84.868	-0.133715881	
84.872	-0.098347994	
84.876	0.109557833	
84.88	0.527599894	
84.884	0.55165643	
84.888	0.217413959	
84.892	-0.225799841	
84.896	-0.466205889	
84.9	-0.399930928	
84.904	-0.20222125	
84.908	0.016358669	
84.912	0.085023352	
84.916	0.033405354	
84.92	-0.019009218	
84.924	0.057621205	
84.928	0.147156128	
84.932	0.105734278	
84.936	-0.010406219	
84.94	-0.061386958	
84.944	-0.018531274	
84.948	-0.108066197	
84.952	-0.17274801	
84.956	-0.06409531	
84.96	0.090758686	
84.964	0.123258907	
84.968	0.068454612	
84.972	0.045831909	
84.976	0.094900871	
84.98	0.107168111	
84.984	0.035157817	
84.988	-0.005626774	
84.992	-0.016141552	
84.996	-0.000369386	
85	0.029741113	
85.004	-0.014707718	
85.008	-0.085284179	
85.012	-0.120174123	
85.016	-0.11842166	
85.02	0.008233614	
85.024	0.11178824	
85.028	0.076738982	
85.032	0.033723984	
85.036	-0.007538552	
85.04	-0.064891884	
85.044	-0.060271754	
85.048	-0.002281163	
85.052	0.027192076	
85.056	-0.002599793	
85.06	-0.05119081	
85.064	-0.036055903	
85.068	0.026554817	
85.072	0.05809915	
85.076	0.082792945	
85.08	0.096175389	
85.084	0.047903002	
85.088	-0.022514144	
85.092	-0.066962976	
85.096	-0.044340273	
85.1	-0.020443052	
85.104	-0.045614792	
85.108	-0.031913718	
85.112	0.008233614	
85.116	0.021775373	
85.12	0.028466595	
85.124	0.037706854	
85.128	0.038822058	
85.132	0.032130836	
85.136	-0.090382253	
85.14	0.00711841	
85.144	0.202916312	
85.148	-0.035737273	
85.152	-0.186130454	
85.156	-0.134193826	
85.16	-0.14757627	
85.164	-0.160002825	
85.168	-0.091178827	
85.172	-0.0091317	
85.176	-0.037171107	
85.18	-0.050553551	
85.184	0.208970274	
85.188	0.720052184	
85.192	0.743312146	
85.196	-0.083691031	
85.2	-0.687972104	
85.204	-0.325690227	
85.208	-0.019168533	
85.212	-0.104401956	
85.216	-0.112686326	
85.22	0.032449465	
85.224	0.10350387	
85.228	0.034201928	
85.232	0.046787798	
85.236	0.098565111	
85.24	0.031334262	
85.244	-0.01805333	
85.248	0.008392929	
85.252	0.007596355	
85.256	-0.046252051	
85.26	-0.072857624	
85.264	-0.022832774	
85.268	0.030697002	
85.272	0.001861022	
85.276	-0.016141552	
85.28	0.038662743	
85.284	0.030537687	
85.288	-0.142000251	
85.292	0.073552686	
85.296	0.24593131	
85.3	0.020978799	
85.304	-5.0756E-05	
85.308	0.010623336	
85.312	-0.017575385	
85.316	-0.012955256	
85.32	-0.033506866	
85.324	-0.044340273	
85.328	-0.092134716	
85.332	-0.119218234	
85.336	-0.121926585	
85.34	-0.132600678	
85.344	-0.076521865	
85.348	0.021616058	
85.352	0.083748834	
85.356	0.080243908	
85.36	0.059532983	
85.364	0.035635761	
85.368	0.034839187	
85.372	0.054753539	
85.376	0.042008354	
85.38	0.000745818	
85.384	0.005684577	
85.388	0.041371095	
85.392	0.05778052	
85.396	0.036113706	
85.4	0.00345417	
85.404	-0.007857182	
85.408	-0.019009218	
85.412	-0.012795941	
85.416	-0.015822922	
85.42	-0.033825496	
85.424	-0.062342847	
85.428	-0.079708161	
85.432	-0.028727422	
85.436	0.037706854	
85.44	0.017633188	
85.444	-0.007538552	
85.448	-0.004192941	
85.452	0.021775373	
85.456	0.072915427	
85.46	0.103344556	
85.464	0.109079889	
85.468	0.080881167	
85.472	0.034998502	
85.476	0.001861022	
85.48	-0.016141552	
85.484	-0.03032057	
85.488	-0.078592957	
85.492	-0.127821233	
85.496	-0.139132585	
85.5	-0.119377548	
85.504	-0.060431069	
85.508	-5.0756E-05	
85.512	0.016358669	
85.516	-0.002440478	
85.52	-0.037011792	
85.524	-0.027612218	
85.528	0.012853744	
85.532	0.022571947	
85.536	-0.003396367	
85.54	-0.019327848	
85.544	0.018748392	
85.548	0.058417779	
85.552	0.061126131	
85.556	0.054594224	
85.56	0.050292724	
85.564	0.052363816	
85.568	0.046150539	
85.572	0.040733835	
85.576	0.033086724	
85.58	0.022094003	
85.584	0.063197223	
85.588	0.096175389	
85.592	0.067180094	
85.596	0.022094003	
85.6	-0.031913718	
85.604	-0.07636255	
85.608	-0.072538994	
85.612	-0.065529143	
85.616	-0.078592957	
85.62	-0.081938568	
85.624	-0.086558698	
85.628	-0.074928717	
85.632	-0.034144125	
85.636	-0.015504293	
85.64	-0.027930848	
85.644	-0.025541126	
85.648	-0.007857182	
85.652	0.012216484	
85.656	0.028147965	
85.66	0.036273021	
85.664	0.049336835	
85.668	0.044238761	
85.672	0.022412632	
85.676	0.013968947	
85.68	0.009826762	
85.684	0.009030188	
85.688	0.025439614	
85.692	0.033564669	
85.696	0.013013058	
85.7	-0.016619496	
85.704	-0.037011792	
85.708	-0.052146699	
85.712	-0.053421217	
85.716	-0.048801088	
85.72	-0.039401514	
85.724	-0.007697867	
85.728	0.040096576	
85.732	0.089962111	
85.736	0.113381389	
85.74	0.079128704	
85.744	0.034520558	
85.748	0.003613485	
85.752	-0.032391662	
85.756	-0.031595088	
85.76	-0.028249477	
85.764	-0.033825496	
85.768	-0.023470033	
85.772	-0.029046051	
85.776	-0.027612218	
85.78	0.006003207	
85.784	0.042326983	
85.788	0.065905575	
85.792	0.066702149	
85.796	0.046469168	
85.8	0.017951817	
85.804	0.002020337	
85.808	-0.002281163	
85.812	-0.022832774	
85.816	-0.036852477	
85.82	-0.039082884	
85.824	-0.020283737	
85.828	0.001701707	
85.832	-0.010724848	
85.836	-0.049916291	
85.84	-0.071105161	
85.844	-0.05979381	
85.848	-0.017894015	
85.852	0.042167669	
85.856	0.065586946	
85.86	0.031174947	
85.864	-0.019009218	
85.868	-0.06345805	
85.872	-0.049756977	
85.876	0.002020337	
85.88	0.026236188	
85.884	0.020978799	
85.888	0.004728688	
85.892	0.018429762	
85.896	0.049336835	
85.9	0.02464304	
85.904	-0.024266607	
85.908	-0.075088031	
85.912	-0.255273081	
85.916	-0.374759189	
85.92	0.360000714	
85.924	0.594990058	
85.928	0.083430204	
85.932	0.113381389	
85.936	0.026873447	
85.94	-0.156975844	
85.944	-0.080982679	
85.948	-0.129892326	
85.952	-0.239500915	
85.956	-0.341781023	
85.96	-0.318043116	
85.964	0.008074299	
85.968	0.355539899	
85.972	0.530148931	
85.976	0.503065413	
85.98	0.251348014	
85.984	-0.094205809	
85.988	-0.291118913	
85.992	-0.233287637	
85.996	-0.055014365	
86	0.020819484	
86.004	-0.05915655	
86.008	-0.173703899	
86.012	-0.154745436	
86.016	0.01141991	
86.02	0.102070037	
86.024	0.091395945	
86.028	0.051407928	
86.032	0.023846465	
86.036	0.028147965	
86.04	-0.024744552	
86.044	-0.099144568	
86.048	-0.064891884	
86.052	0.052523131	
86.056	0.072596797	
86.06	-0.031276459	
86.064	-0.062342847	
86.068	0.000108559	
86.072	0.036113706	
86.076	0.023368521	
86.08	-0.0091317	
86.084	-0.059953124	
86.088	-0.089904309	
86.092	-0.053580532	
86.096	-0.002440478	
86.1	0.052363816	
86.104	0.070844334	
86.108	0.001861022	
86.112	-0.03398481	
86.116	0.013491003	
86.12	0.045353965	
86.124	0.035795076	
86.128	0.028944539	
86.132	0.011101281	
86.136	-0.035418644	
86.14	-0.065051198	
86.144	-0.010724848	
86.148	0.056665316	
86.152	0.045831909	
86.156	0.013968947	
86.16	0.011579225	
86.164	0.020819484	
86.168	0.033246039	
86.172	0.05379765	
86.176	0.087413075	
86.18	0.075623779	
86.184	0.015084151	
86.188	-0.023470033	
86.192	-0.04657068	
86.196	-0.069352698	
86.2	-0.060271754	
86.204	-0.053580532	
86.208	-0.080504735	
86.212	-0.089904309	
86.216	-0.066325717	
86.22	-0.047526569	
86.224	-0.035259329	
86.228	-0.026974959	
86.232	-0.028727422	
86.236	-0.03032057	
86.24	-0.0134332	
86.244	0.000427188	
86.248	-0.0005287	
86.252	-0.033825496	
86.256	-0.116987826	
86.26	-0.022832774	
86.264	0.515173339	
86.268	0.94914688	
86.272	0.468972044	
86.276	-0.30625382	
86.28	-0.531684276	
86.284	-0.377945485	
86.288	-0.292712061	
86.292	-0.1349904	
86.296	0.074986519	
86.3	0.117364259	
86.304	0.122462333	
86.308	0.027988651	
86.312	-0.039720144	
86.316	-0.022514144	
86.32	-0.040994662	
86.324	-0.081460624	
86.328	-0.087992531	
86.332	0.027670021	
86.336	0.060648187	
86.34	-0.019805792	
86.344	-0.048004514	
86.348	-0.045296162	
86.352	-0.02570044	
86.356	0.01205717	
86.36	0.05809915	
86.364	0.078172816	
86.368	0.050929983	
86.372	0.006799781	
86.376	-0.016938126	
86.38	-0.023947977	
86.384	-0.008813071	
86.388	0.026076873	
86.392	0.059214353	
86.396	0.071322279	
86.4	0.051248613	
86.404	0.015880725	
86.408	-0.015982237	
86.412	-0.024585237	
86.416	-0.013592515	
86.42	0.003772799	
86.424	0.026236188	
86.428	0.02862591	
86.432	0.016199355	
86.436	-0.001006645	
86.44	-0.029364681	
86.444	-0.045296162	
86.448	-0.044977532	
86.452	-0.050234921	
86.456	-0.059634495	
86.46	-0.04688931	
86.464	-0.022832774	
86.468	-0.012158682	
86.472	0.006640466	
86.476	0.034042613	
86.48	0.049336835	
86.484	0.054116279	
86.488	0.023209206	
86.492	-0.016778811	
86.496	-0.032232348	
86.5	-0.039720144	
86.504	-0.028886737	
86.508	-0.014389089	
86.512	-0.007697867	
86.516	0.000108559	
86.52	-0.002121849	
86.524	-0.012317996	
86.528	-0.03032057	
86.532	-0.033825496	
86.536	0.000745818	
86.54	0.029581799	
86.544	0.020978799	
86.548	0.010304707	
86.552	0.016199355	
86.556	0.038184798	
86.56	0.061444761	
86.564	0.091077315	
86.568	0.096971963	
86.572	0.064153112	
86.576	0.027510706	
86.58	0.001064448	
86.584	0.00743704	
86.588	0.013968947	
86.592	-0.016300867	
86.596	-0.03892357	
86.6	-0.032073033	
86.604	-0.006582663	
86.608	0.015243466	
86.612	-0.006264034	
86.616	-0.057563402	
86.62	-0.090541568	
86.624	-0.108384827	
86.628	-0.338116782	
86.632	0.027351391	
86.636	0.40954762	
86.64	-0.167490621	
86.644	-0.18899812	
86.648	0.083270889	
86.652	0.003772799	
86.656	-0.024266607	
86.66	-0.109340715	
86.664	0.103344556	
86.668	0.230159144	
86.672	-0.022832774	
86.676	-0.065051198	
86.68	-0.053739847	
86.684	-0.076203235	
86.688	0.009508133	
86.692	0.105574963	
86.696	0.136004092	
86.7	0.131543277	
86.704	0.081359112	
86.708	-0.054058477	
86.712	0.082315001	
86.716	0.101273463	
86.72	-0.099463197	
86.724	-0.039720144	
86.728	0.006799781	
86.732	0.010941966	
86.736	0.078491445	
86.74	0.083430204	
86.744	-0.000369386	
86.748	-0.088789105	
86.752	-0.108703456	
86.756	-0.104561271	
86.76	-0.112208382	
86.764	-0.074928717	
86.768	-0.011202793	
86.772	0.030537687	
86.776	0.036432335	
86.78	0.014924836	
86.784	-0.037489736	
86.788	-0.069671328	
86.792	-0.024744552	
86.796	-0.006264034	
86.8	-0.022832774	
86.804	-0.016300867	
86.808	-0.006741978	
86.812	0.009826762	
86.816	0.030059743	
86.82	0.060010927	
86.824	0.105893592	
86.828	0.1124255	
86.832	0.075783093	
86.836	0.02862591	
86.84	-0.022195515	
86.844	-0.033188236	
86.848	-0.0134332	
86.852	-0.016938126	
86.856	-0.030479885	
86.86	-0.042428495	
86.864	-0.062183532	
86.868	-0.055014365	
86.872	-0.023470033	
86.876	0.013013058	
86.88	0.027192076	
86.884	0.019863595	
86.888	0.016199355	
86.892	0.014287577	
86.896	0.014446892	
86.9	-0.004989515	
86.904	0.002020337	
86.908	0.039300002	
86.912	0.059373668	
86.916	0.080084593	
86.92	0.080084593	
86.924	0.020978799	
86.928	-0.025541126	
86.932	-0.020920996	
86.936	-0.015026348	
86.94	-0.037808366	
86.944	-0.106473049	
86.948	-0.113482901	
86.952	-0.020124422	
86.956	0.045353965	
86.96	0.059214353	
86.964	0.019385651	
86.968	-0.059315865	
86.972	-0.08066405	
86.976	-0.075884605	
86.98	-0.103924012	
86.984	-0.107747567	
86.988	-0.062342847	
86.992	0.001861022	
86.996	0.063515853	
87	0.116249055	
87.004	0.130906018	
87.008	0.096016074	
87.012	0.04917752	
87.016	0.049336835	
87.02	0.076420353	
87.024	0.063037909	
87.028	0.042167669	
87.032	0.020500854	
87.036	-0.025541126	
87.04	-0.070945846	
87.044	-0.05517368	
87.048	-0.069352698	
87.052	-0.223728749	
87.056	-0.157931732	
87.06	0.184913738	
87.064	0.346777585	
87.068	0.249754866	
87.072	0.028147965	
87.076	-0.154904751	
87.08	-0.127024659	
87.084	-0.060590384	
87.088	-0.167171991	
87.092	-0.278055099	
87.096	-0.224525323	
87.1	-0.002440478	
87.104	0.328775011	
87.108	0.52648469	
87.112	0.367329195	
87.116	-0.036374533	
87.12	-0.357075245	
87.124	-0.37348467	
87.128	-0.351180597	
87.132	-0.270726618	
87.136	0.338811844	
87.14	0.193516738	
87.144	-0.196167287	
87.148	0.031971521	
87.152	0.125489314	
87.156	0.060170242	
87.16	0.018429762	
87.164	0.010623336	
87.168	0.129153555	
87.172	0.100795519	
87.176	-0.128936437	
87.18	-0.154586121	
87.184	0.020978799	
87.188	0.084545408	
87.192	0.131702592	
87.196	0.146359554	
87.2	0.131543277	
87.204	0.131543277	
87.208	-0.007697867	
87.212	-0.095002383	
87.216	-0.047685884	
87.22	-0.047845199	
87.224	-0.039242199	
87.228	-0.015026348	
87.232	-0.05549231	
87.236	-0.100100457	
87.24	-0.106473049	
87.244	-0.074610087	
87.248	-0.012317996	
87.252	0.018429762	
87.256	0.022731262	
87.26	-0.041153977	
87.264	-0.117625086	
87.268	-0.109659345	
87.272	-0.030957829	
87.276	0.05316039	
87.28	0.107327426	
87.284	0.094104297	
87.288	0.032130836	
87.292	0.008552244	
87.296	0.047425057	
87.3	0.083908149	
87.304	0.086457186	
87.308	0.045672594	
87.312	0.001064448	
87.316	-0.007060608	
87.32	-0.049756977	
87.324	-0.079070902	
87.328	-0.033188236	
87.332	-0.00546746	
87.336	0.025758243	
87.34	0.038344113	
87.344	-0.0048302	
87.348	-0.028886737	
87.352	-0.039082884	
87.356	-0.049279032	
87.36	-0.017575385	
87.364	0.010782651	
87.368	0.006799781	
87.372	-0.00514883	
87.376	-0.030161255	
87.38	-0.051350125	
87.384	-0.058837921	
87.388	-0.060909013	
87.392	-0.039401514	
87.396	-0.010884163	
87.4	-0.069512013	
87.404	-0.159365566	
87.408	-0.05087218	
87.412	0.364461529	
87.416	0.929232529	
87.42	0.600566077	
87.424	-0.242687211	
87.428	-0.575814478	
87.432	-0.374599874	
87.436	-0.077477754	
87.44	-0.028090163	
87.444	-0.049438347	
87.448	0.024483725	
87.452	0.077057612	
87.456	0.038981372	
87.46	-0.060909013	
87.464	-0.124156993	
87.468	-0.106313734	
87.472	-0.055651625	
87.476	-0.004511571	
87.48	0.01141991	
87.484	0.033564669	
87.488	0.078172816	
87.492	0.080721853	
87.496	0.014446892	
87.5	-0.003874311	
87.504	0.079447334	
87.508	0.109398518	
87.512	0.030219058	
87.516	0.000267874	
87.52	0.059373668	
87.524	0.033405354	
87.528	-0.111252493	
87.532	-0.141840937	
87.536	-0.002759108	
87.54	0.011579225	
87.544	0.053001076	
87.548	0.010623336	
87.552	-0.178164713	
87.556	-0.065688458	
87.56	0.061285446	
87.564	0.06638352	
87.568	0.052682446	
87.572	0.006003207	
87.576	-0.021398941	
87.58	-0.040516718	
87.584	-0.067600235	
87.588	-0.074610087	
87.592	-0.044977532	
87.596	0.008711559	
87.6	0.02400578	
87.604	0.023527836	
87.608	0.056824631	
87.612	0.055709427	
87.616	0.061126131	
87.62	0.061285446	
87.624	0.034042613	
87.628	0.025917558	
87.632	-0.024266607	
87.636	-0.104561271	
87.64	-0.090700883	
87.644	0.008233614	
87.648	0.075783093	
87.652	0.081518427	
87.656	0.05379765	
87.66	0.031971521	
87.664	0.015084151	
87.668	0.002816911	
87.672	-0.020920996	
87.676	-0.058359976	
87.68	-0.112527012	
87.684	-0.117465771	
87.688	-0.025381811	
87.692	0.037388224	
87.696	0.072437482	
87.7	0.068454612	
87.704	0.006321836	
87.708	-0.033028922	
87.712	-0.035577959	
87.716	-0.040038773	
87.72	-0.044340273	
87.724	-0.061068328	
87.728	-0.062980106	
87.732	0.01141991	
87.736	0.092670463	
87.74	0.091714574	
87.744	0.015880725	
87.748	-0.056129569	
87.752	-0.064254624	
87.756	-0.01741607	
87.76	0.055390798	
87.764	0.088528278	
87.768	0.099998945	
87.772	0.1038225	
87.776	0.090121426	
87.78	0.068773242	
87.784	0.034361243	
87.788	0.018270447	
87.792	0.011101281	
87.796	0.008870873	
87.8	0.007596355	
87.804	-0.052146699	
87.808	-0.120492752	
87.812	-0.124316308	
87.816	-0.146461066	
87.82	-0.133715881	
87.824	-0.085602809	
87.828	-0.08894842	
87.832	-0.084009661	
87.836	-0.040676032	
87.84	0.004569373	
87.844	0.030537687	
87.848	0.033883298	
87.852	0.043442187	
87.856	0.072118853	
87.86	0.093467037	
87.864	0.115452481	
87.868	0.121984388	
87.872	0.089643482	
87.876	0.057143261	
87.88	0.038662743	
87.884	0.019544966	
87.888	-5.0756E-05	
87.892	-0.016460181	
87.896	-0.031754403	
87.9	-0.013273885	
87.904	-0.000369386	
87.908	-0.018212644	
87.912	-0.056926143	
87.916	-0.101852919	
87.92	-0.10551716	
87.924	-0.062661476	
87.928	-0.017575385	
87.932	-0.007538552	
87.936	-0.022514144	
87.94	-0.03032057	
87.944	-0.007538552	
87.948	0.027510706	
87.952	0.079447334	
87.956	0.101751407	
87.96	0.089484167	
87.964	0.061126131	
87.968	0.01604004	
87.972	-0.007857182	
87.976	-0.019805792	
87.98	-0.020602366	
87.984	-0.001484589	
87.988	0.00711841	
87.992	0.003613485	
87.996	-0.025859755	
88	-0.072857624	
88.004	-0.062183532	
88.008	-0.004192941	
88.012	0.030059743	
88.016	0.024961669	
88.02	-0.010406219	
88.024	-0.056766828	
88.028	-0.072857624	
88.032	-0.058359976	
88.036	-0.027930848	
88.04	0.02002291	
88.044	0.056665316	
88.048	0.078491445	
88.052	0.089802797	
88.056	0.079288019	
88.06	0.058736409	
88.064	0.025280299	
88.068	-0.001803219	
88.072	-0.0091317	
88.076	-0.001006645	
88.08	0.01572141	
88.084	0.012853744	
88.088	-0.009609645	
88.092	-0.024585237	
88.096	-0.014707718	
88.1	0.021456743	
88.104	0.041052465	
88.108	0.031971521	
88.112	0.012535114	
88.116	-0.012317996	
88.12	-0.039720144	
88.124	-0.07206105	
88.128	-0.089585679	
88.132	-0.091816086	
88.136	-0.091816086	
88.14	-0.07206105	
88.144	-0.062183532	
88.148	-0.075725291	
88.152	-0.096595531	
88.156	-0.119218234	
88.16	-0.063298735	
88.164	0.006321836	
88.168	-0.050394236	
88.172	0.356814418	
88.176	0.398554898	
88.18	-0.0263377	
88.184	0.07466789	
88.188	0.155918443	
88.192	0.127879036	
88.196	0.147156128	
88.2	0.081677741	
88.204	-0.094843068	
88.208	-0.274550173	
88.212	-0.139132585	
88.216	-0.34433006	
88.22	-0.592064589	
88.224	-0.086080753	
88.228	0.535884264	
88.232	0.51851895	
88.236	0.416876101	
88.24	0.186028942	
88.244	-0.212417397	
88.248	-0.163189121	
88.252	-0.145186548	
88.256	-0.346719782	
88.26	-0.459355352	
88.264	-0.104720586	
88.268	0.478849562	
88.272	0.558506967	
88.276	0.503224728	
88.28	0.218369848	
88.284	-0.343055541	
88.288	-0.606243607	
88.292	-0.454257279	
88.296	-0.215603694	
88.3	-0.017575385	
88.304	0.231752292	
88.308	0.097609222	
88.312	-0.101693605	
88.316	0.051248613	
88.32	0.155440498	
88.324	0.138871758	
88.328	0.093626352	
88.332	0.105415648	
88.336	0.106849481	
88.34	-0.02601907	
88.344	-0.127821233	
88.348	-0.132759993	
88.352	-0.003874311	
88.356	0.053638335	
88.36	-0.018371959	
88.364	-0.037011792	
88.368	-0.036055903	
88.372	0.001383077	
88.376	0.00711841	
88.38	-0.047685884	
88.384	-0.10519853	
88.388	-0.100737716	
88.392	0.037706854	
88.396	0.094741556	
88.4	0.01173854	
88.404	-0.008335126	
88.408	-0.002281163	
88.412	0.004888003	
88.416	0.039777946	
88.42	0.036273021	
88.424	0.041689724	
88.428	0.04917752	
88.432	0.050611353	
88.436	0.044398076	
88.44	0.041371095	
88.444	0.042964243	
88.448	0.013491003	
88.452	-0.03000194	
88.456	-0.101693605	
88.46	-0.145505177	
88.464	-0.103127438	
88.468	-0.070627217	
88.472	-0.057882032	
88.476	-0.008175811	
88.48	0.03292741	
88.484	0.063993798	
88.488	0.082474315	
88.492	0.068135983	
88.496	0.060648187	
88.5	0.049018205	
88.504	0.058577094	
88.508	0.064312427	
88.512	0.042804928	
88.516	0.001383077	
88.52	-0.035737273	
88.524	-0.049597662	
88.528	-0.021398941	
88.532	0.008074299	
88.536	-0.001006645	
88.54	-0.025381811	
88.544	-0.041631921	
88.548	-0.035100014	
88.552	-0.040676032	
88.556	-0.014707718	
88.56	-0.026178385	
88.564	-0.162870492	
88.568	-0.254476507	
88.572	-0.304182728	
88.576	0.04917752	
88.58	0.788238923	
88.584	0.783937423	
88.588	0.105415648	
88.592	-0.563069294	
88.596	-0.55335109	
88.6	-0.125272196	
88.604	-0.045296162	
88.608	-0.114598104	
88.612	0.017951817	
88.616	0.080881167	
88.62	0.056187372	
88.624	0.136641351	
88.628	0.209129589	
88.632	0.193357423	
88.636	0.107168111	
88.64	0.04487602	
88.644	0.005365948	
88.648	-0.070627217	
88.652	-0.094524438	
88.656	-0.05915655	
88.66	-0.021080311	
88.664	-0.026656329	
88.668	-0.061864902	
88.672	-0.055810939	
88.676	-0.052465328	
88.68	-0.051828069	
88.684	-0.048641773	
88.688	-0.032391662	
88.692	0.030219058	
88.696	0.029900428	
88.7	0.017473873	
88.704	0.023049891	
88.708	0.029741113	
88.712	0.059692298	
88.716	0.034201928	
88.72	-0.008175811	
88.724	-0.025859755	
88.728	-0.039560829	
88.732	-0.166694047	
88.736	-0.08496555	
88.74	0.228088052	
88.744	0.017314558	
88.748	-0.073813513	
88.752	0.068135983	
88.756	0.000427188	
88.76	-0.048163829	
88.764	-0.003077737	
88.768	0.029900428	
88.772	0.049974094	
88.776	0.015880725	
88.78	-0.032550977	
88.784	-0.035418644	
88.788	-0.0005287	
88.792	0.057143261	
88.796	0.071959538	
88.8	0.042964243	
88.804	0.016358669	
88.808	0.006959096	
88.812	0.013172373	
88.816	0.005206633	
88.82	-0.016778811	
88.824	-0.026178385	
88.828	-0.037171107	
88.832	-0.024266607	
88.836	0.010623336	
88.84	0.035317132	
88.844	0.027351391	
88.848	-0.025063181	
88.852	-0.061068328	
88.856	-0.077477754	
88.86	-0.062024217	
88.864	-0.033506866	
88.868	-0.024266607	
88.872	0.001542392	
88.876	0.018111132	
88.88	-0.011043478	
88.884	-0.049279032	
88.888	-0.077318439	
88.892	-0.082894457	
88.896	-0.054536421	
88.9	0.012694429	
88.904	0.082474315	
88.908	0.097927852	
88.912	0.083589519	
88.916	0.077694871	
88.92	0.074189945	
88.924	0.083589519	
88.928	0.088050334	
88.932	0.075942408	
88.936	0.031334262	
88.94	-0.022832774	
88.944	-0.036693162	
88.948	-0.011840052	
88.952	0.007277725	
88.956	0.010304707	
88.96	0.020500854	
88.964	0.010941966	
88.968	0.000586503	
88.972	-0.004511571	
88.976	-0.028408792	
88.98	-0.056766828	
88.984	-0.053102588	
88.988	-0.056129569	
88.992	-0.079230216	
88.996	-0.107588253	
89	-0.130848215	
89.004	-0.09755142	
89.008	-0.025859755	
89.012	0.033405354	
89.016	0.036750965	
89.02	0.016677299	
89.024	0.008074299	
89.028	0.010941966	
89.032	0.046309854	
89.036	0.077376242	
89.04	0.088846908	
89.044	0.075942408	
89.048	0.051407928	
89.052	0.050929983	
89.056	0.056187372	
89.06	0.037228909	
89.064	0.006959096	
89.068	-0.028249477	
89.072	-0.064254624	
89.076	-0.090860198	
89.08	-0.09723279	
89.084	-0.063139421	
89.088	-0.028249477	
89.092	-0.002440478	
89.096	0.021616058	
89.1	0.025280299	
89.104	0.02830728	
89.108	0.038344113	
89.112	0.038344113	
89.116	0.034679873	
89.12	0.027192076	
89.124	0.018429762	
89.128	-0.011043478	
89.132	-0.04688931	
89.136	-0.037330421	
89.14	0.009030188	
89.144	0.047743687	
89.148	0.047106428	
89.152	0.039300002	
89.156	0.033564669	
89.16	0.023209206	
89.164	0.012375799	
89.168	-0.006901293	
89.172	-0.037171107	
89.176	-0.077477754	
89.18	-0.10153429	
89.184	-0.105995104	
89.188	-0.087833216	
89.192	-0.059315865	
89.196	-0.013911144	
89.2	0.032768095	
89.204	0.055072168	
89.208	0.049814779	
89.212	0.021297429	
89.216	-0.006264034	
89.22	-0.010884163	
89.224	0.020819484	
89.228	0.057302576	
89.232	0.060648187	
89.236	0.042167669	
89.24	0.018589077	
89.244	0.007914984	
89.248	0.033405354	
89.252	0.060329557	
89.256	0.059692298	
89.26	0.050611353	
89.264	0.024165095	
89.268	-0.012477311	
89.272	-0.047685884	
89.276	-0.09691416	
89.28	-0.121767271	
89.284	-0.106473049	
89.288	-0.070149272	
89.292	-0.02570044	
89.296	-0.006901293	
89.3	-0.013592515	
89.304	-0.00084733	
89.308	0.033405354	
89.312	0.07833213	
89.316	0.101910722	
89.32	0.085341982	
89.324	0.04917752	
89.328	-0.051350125	
89.332	-0.052465328	
89.336	0.181886757	
89.34	0.09983963	
89.344	-0.031913718	
89.348	0.020500854	
89.352	-0.029523996	
89.356	-0.082735142	
89.36	-0.101056345	
89.364	-0.130210956	
89.368	-0.224843953	
89.372	-0.350384023	
89.376	-0.099622512	
89.38	0.044398076	
89.384	0.089006223	
89.388	0.282255087	
89.392	0.271580995	
89.396	0.093785667	
89.4	0.054753539	
89.404	0.061444761	
89.408	-0.104879901	
89.412	-0.288410562	
89.416	-0.31915832	
89.42	-0.128936437	
89.424	0.267279495	
89.428	0.597061151	
89.432	0.619365224	
89.436	0.367966454	
89.44	-0.019646478	
89.444	-0.328239264	
89.448	-0.412676113	
89.452	-0.329991727	
89.456	-0.167490621	
89.46	-0.106950993	
89.464	-0.166853362	
89.468	-0.174341158	
89.472	-0.015663607	
89.476	0.13759724	
89.48	0.151776258	
89.484	0.101114148	
89.488	0.084545408	
89.492	0.142058054	
89.496	0.099998945	
89.5	-0.04720794	
89.504	-0.082416513	
89.508	0.038822058	
89.512	0.071959538	
89.516	-0.025063181	
89.52	-0.060909013	
89.524	0.013491003	
89.528	0.066861464	
89.532	0.020660169	
89.536	-0.098347994	
89.54	-0.152515029	
89.544	-0.113482901	
89.548	-0.062820791	
89.552	-0.023470033	
89.556	-0.05517368	
89.56	-0.1263874	
89.564	-0.103286753	
89.568	-0.006901293	
89.572	0.079447334	
89.576	0.128038351	
89.58	0.133455055	
89.584	0.11608974	
89.588	0.126923147	
89.592	0.118638777	
89.596	0.060648187	
89.6	-0.006582663	
89.604	-0.013592515	
89.608	0.003613485	
89.612	-0.006104719	
89.616	-0.020761681	
89.62	-0.024744552	
89.624	-0.037330421	
89.628	-0.03430344	
89.632	0.002498281	
89.636	0.019544966	
89.64	0.021138114	
89.644	0.035317132	
89.648	0.037388224	
89.652	0.026236188	
89.656	-0.003555682	
89.66	-0.012477311	
89.664	-0.018531274	
89.668	-0.041472607	
89.672	-0.050712865	
89.676	-0.070149272	
89.68	-0.082257198	
89.684	-0.071583106	
89.688	-0.063617365	
89.692	-0.07237968	
89.696	-0.07636255	
89.7	-0.055014365	
89.704	-0.007379237	
89.708	0.011101281	
89.712	-0.046411366	
89.716	-0.155382695	
89.72	-0.09293129	
89.724	0.38405725	
89.728	0.917124604	
89.732	0.585590485	
89.736	-0.159206251	
89.74	-0.436732649	
89.744	-0.308962172	
89.748	-0.256388285	
89.752	-0.196167287	
89.756	0.061604075	
89.76	0.172327868	
89.764	0.211200682	
89.768	0.183957849	
89.772	-0.009928274	
89.776	-0.151399825	
89.78	-0.232013119	
89.784	-0.255432396	
89.788	-0.217674786	
89.792	-0.069352698	
89.796	0.042167669	
89.8	0.055231483	
89.804	0.058736409	
89.808	0.046309854	
89.812	0.067020779	
89.816	0.049336835	
89.82	0.067658038	
89.824	0.118160833	
89.828	0.066224205	
89.832	0.060010927	
89.836	0.086297871	
89.84	0.039777946	
89.844	-0.026974959	
89.848	-0.054695736	
89.852	-0.047048625	
89.856	-0.041472607	
89.86	-0.048641773	
89.864	-0.069193383	
89.868	-0.078433642	
89.872	-0.04688931	
89.876	-0.002440478	
89.88	0.025280299	
89.884	0.039777946	
89.888	0.035954391	
89.892	0.010464021	
89.896	-0.016460181	
89.9	-0.033666181	
89.904	-0.030957829	
89.908	-0.011999367	
89.912	0.010941966	
89.916	0.028944539	
89.92	0.016199355	
89.924	-0.0134332	
89.928	-0.021558255	
89.932	-5.0756E-05	
89.936	0.013013058	
89.94	0.00313554	
89.944	0.017314558	
89.948	0.038184798	
89.952	0.043920131	
89.956	0.034679873	
89.96	0.009667447	
89.964	-0.016778811	
89.968	-0.0134332	
89.972	0.013809632	
89.976	0.023527836	
89.98	0.016995929	
89.984	0.031174947	
89.988	0.042008354	
89.992	0.034998502	
89.996	0.024961669	
90	0.021297429	
90.004	0.017314558	
90.008	-0.000369386	
90.012	-0.019009218	
90.016	-0.047685884	
90.02	-0.070627217	
90.024	-0.08002679	
90.028	-0.075884605	
90.032	-0.055332995	
90.036	-0.05517368	
90.04	-0.076999809	
90.044	-0.074291457	
90.048	-0.028249477	
90.052	0.021138114	
90.056	0.033246039	
90.06	0.042804928	
90.064	0.078810075	
90.068	0.119753981	
90.072	0.126445203	
90.076	0.106690167	
90.08	0.066224205	
90.084	-0.001006645	
90.088	-0.068396809	
90.092	-0.096754846	
90.096	-0.059953124	
90.1	0.016836614	
90.104	0.032130836	
90.108	-0.012636626	
90.112	-0.069193383	
90.116	-0.1349904	
90.12	-0.160002825	
90.124	-0.109022086	
90.128	-0.017097441	
90.132	0.047903002	
90.136	0.082315001	
90.14	0.09123663	
90.144	0.062400649	
90.148	0.052045187	
90.152	0.071162964	
90.156	0.067180094	
90.16	0.072756112	
90.164	0.057939835	
90.168	0.006481151	
90.172	-0.006901293	
90.176	-0.00084733	
90.18	-0.009768959	
90.184	-0.014548404	
90.188	-0.013911144	
90.192	-0.023310718	
90.196	-0.026815644	
90.2	-0.018690589	
90.204	0.006321836	
90.208	-0.012636626	
90.212	-0.090063624	
90.216	-0.108225512	
90.22	-0.052465328	
90.224	0.015562095	
90.228	0.072118853	
90.232	0.099043056	
90.236	0.098565111	
90.24	0.069729131	
90.244	0.03659165	
90.248	0.083430204	
90.252	0.126285888	
90.256	-0.154426807	
90.26	-0.270248673	
90.264	-0.160640084	
90.268	-0.146142437	
90.272	-0.115872623	
90.276	-0.057882032	
90.28	-0.018531274	
90.284	0.004410059	
90.288	0.049655465	
90.292	0.121347129	
90.296	0.12039124	
90.3	0.060010927	
90.304	0.072756112	
90.308	0.214546293	
90.312	0.151616943	
90.316	-0.043703014	
90.32	-0.036852477	
90.324	0.046947113	
90.328	0.107008796	
90.332	0.106530852	
90.336	0.000586503	
90.34	-0.092134716	
90.344	-0.120492752	
90.348	-0.091338142	
90.352	-0.03398481	
90.356	-0.022992089	
90.36	-0.062980106	
90.364	-0.109181401	
90.368	-0.117625086	
90.372	-0.044818218	
90.376	0.032768095	
90.38	0.041371095	
90.384	0.02002291	
90.388	0.043123557	
90.392	0.071959538	
90.396	0.053001076	
90.4	0.000586503	
90.404	-0.03462207	
90.408	-0.025063181	
90.412	0.000586503	
90.416	-0.043703014	
90.42	-0.108862771	
90.424	-0.066803661	
90.428	-0.007219922	
90.432	0.02400578	
90.436	0.063834483	
90.44	0.076579667	
90.444	0.067020779	
90.448	0.043123557	
90.452	0.017314558	
90.456	0.010145392	
90.46	0.027192076	
90.464	0.039777946	
90.468	0.002657596	
90.472	-0.046252051	
90.476	-0.077477754	
90.48	-0.120492752	
90.484	-0.124634937	
90.488	-0.079230216	
90.492	-0.207797268	
90.496	-0.292393432	
90.5	0.060966816	
90.504	0.443481674	
90.508	0.496055562	
90.512	0.34231677	
90.516	0.128516295	
90.52	0.015402781	
90.524	0.026873447	
90.528	-0.087195957	
90.532	-0.302908209	
90.536	-0.353251689	
90.54	-0.176571565	
90.544	0.131065332	
90.548	0.389633269	
90.552	0.35091977	
90.556	-0.014707718	
90.56	-0.395788743	
90.564	-0.509380203	
90.568	-0.363925781	
90.572	-0.120492752	
90.576	0.143491888	
90.58	0.201960423	
90.584	0.079447334	
90.588	0.039140687	
90.592	0.152094887	
90.596	0.226813533	
90.6	0.155759128	
90.604	0.033883298	
90.608	0.02002291	
90.612	0.113222074	
90.616	0.012853744	
90.62	-0.136583548	
90.624	-0.170995547	
90.628	-0.089426364	
90.632	0.013331688	
90.636	0.02002291	
90.64	-0.036055903	
90.644	-0.056288884	
90.648	-0.045136847	
90.652	-0.015344978	
90.656	-0.030161255	
90.66	-0.107110308	
90.664	-0.123201104	
90.668	-0.009928274	
90.672	0.082792945	
90.676	0.078810075	
90.68	0.056187372	
90.684	0.002020337	
90.688	-0.035896588	
90.692	0.016199355	
90.696	0.092511148	
90.7	0.138553128	
90.704	0.126763833	
90.708	0.085979241	
90.712	0.053638335	
90.716	0.177585257	
90.72	0.114177963	
90.724	-0.165100899	
90.728	-0.192821676	
90.732	-0.196007972	
90.736	-0.1392919	
90.74	-0.002918423	
90.744	0.060488872	
90.748	0.074986519	
90.752	0.002657596	
90.756	-0.089585679	
90.76	-0.099144568	
90.764	-0.055970254	
90.768	-0.005308145	
90.772	0.001542392	
90.776	-0.017575385	
90.78	0.013491003	
90.784	0.083111575	
90.788	0.117204944	
90.792	0.087413075	
90.796	-0.000210071	
90.8	-0.063298735	
90.804	-0.045614792	
90.808	0.014287577	
90.812	0.049974094	
90.816	0.028147965	
90.82	-0.0091317	
90.824	-0.027452903	
90.828	0.004091429	
90.832	0.034520558	
90.836	0.001223762	
90.84	-0.098029364	
90.844	-0.259733896	
90.848	-0.251290211	
90.852	0.059055038	
90.856	0.60630141	
90.86	0.771670182	
90.864	-0.018212644	
90.868	-0.641930124	
90.872	-0.481500111	
90.876	-0.277895784	
90.88	-0.069352698	
90.884	0.031174947	
90.888	0.133455055	
90.892	0.222034089	
90.896	0.173443072	
90.9	0.127879036	
90.904	-0.053261902	
90.908	-0.083850346	
90.912	0.024165095	
90.916	0.039140687	
90.92	0.03229015	
90.924	0.034520558	
90.928	0.039937261	
90.932	0.068454612	
90.936	0.060807501	
90.94	-0.036215218	
90.944	-0.070786532	
90.948	-0.010087589	
90.952	0.016995929	
90.956	-0.037489736	
90.96	-0.059315865	
90.964	-0.034144125	
90.968	-0.05119081	
90.972	-0.049756977	
90.976	0.016995929	
90.98	0.056187372	
90.984	0.016358669	
90.988	0.01604004	
90.992	0.022571947	
90.996	0.013968947	
91	0.039140687	
91.004	0.022412632	
91.008	0.006321836	
91.012	0.005365948	
91.016	-0.060112439	
91.02	-0.089107735	
91.024	-0.06807818	
91.028	-0.060431069	
91.032	-0.029205366	
91.036	-0.010087589	
91.04	-0.01311457	
91.044	-0.006104719	
91.048	-0.019487163	
91.052	-0.041631921	
91.056	-0.053899162	
91.06	-0.045455477	
91.064	0.000267874	
91.068	0.026714132	
91.072	0.022253317	
91.076	0.031812206	
91.08	0.042645613	
91.084	0.050292724	
91.088	0.065427631	
91.092	0.097290593	
91.096	0.112266185	
91.1	0.090758686	
91.104	0.055231483	
91.108	0.045831909	
91.112	0.067498723	
91.116	0.066542834	
91.12	0.036432335	
91.124	0.005365948	
91.128	-0.017097441	
91.132	-0.045774106	
91.136	-0.078433642	
91.14	-0.134512455	
91.144	-0.187404972	
91.148	-0.154904751	
91.152	-0.085762124	
91.156	-0.038764255	
91.16	0.010464021	
91.164	0.034839187	
91.168	0.014446892	
91.172	0.00313554	
91.176	0.018111132	
91.18	0.045672594	
91.184	0.057939835	
91.188	0.049814779	
91.192	0.063675168	
91.196	0.074508575	
91.2	0.080403223	
91.204	0.04917752	
91.208	-0.019805792	
91.212	-0.056766828	
91.216	-0.071901735	
91.22	-0.039401514	
91.224	-0.005945404	
91.228	-0.011362107	
91.232	-0.021558255	
91.236	-0.04720794	
91.24	-0.03000194	
91.244	0.019067021	
91.248	0.018429762	
91.252	-0.017097441	
91.256	-0.058041347	
91.26	-0.062502161	
91.264	-0.019965107	
91.268	0.019863595	
91.272	0.034679873	
91.276	0.023368521	
91.28	0.017951817	
91.284	0.023368521	
91.288	0.033564669	
91.292	0.042008354	
91.296	0.017633188	
91.3	0.027670021	
91.304	0.072596797	
91.308	0.048540261	
91.312	-0.013273885	
91.316	-0.062024217	
91.32	-0.071423791	
91.324	-0.042269181	
91.328	-0.004033626	
91.332	0.029422484	
91.336	0.031652891	
91.34	0.009986077	
91.344	-0.029046051	
91.348	-0.04720794	
91.352	-0.042109866	
91.356	-0.053739847	
91.36	-0.027452903	
91.364	0.026554817	
91.368	0.081518427	
91.372	0.12501137	
91.376	0.103025926	
91.38	0.040096576	
91.384	0.001701707	
91.388	0.000267874	
91.392	0.011260595	
91.396	-0.008016496	
91.4	-0.022514144	
91.404	-0.031435774	
91.408	-0.034940699	
91.412	-0.03828631	
91.416	-0.051987384	
91.42	-0.036693162	
91.424	-0.02570044	
91.428	-0.032391662	
91.432	-0.026656329	
91.436	-0.0220362	
91.44	-0.021239626	
91.444	-0.037649051	
91.448	-0.076999809	
91.452	-0.076999809	
91.456	-0.042109866	
91.46	-0.008494441	
91.464	0.031493576	
91.468	0.048221631	
91.472	0.059532983	
91.476	0.081837056	
91.48	0.085341982	
91.484	0.075145834	
91.488	0.067339409	
91.492	0.063197223	
91.496	0.041530409	
91.5	0.010782651	
91.504	0.000905133	
91.508	-0.004192941	
91.512	-0.008335126	
91.516	0.01205717	
91.52	0.033883298	
91.524	0.030378373	
91.528	-0.005308145	
91.532	-0.05915655	
91.536	-0.083691031	
91.54	-0.062820791	
91.544	-0.053899162	
91.548	-0.073813513	
91.552	-0.099463197	
91.556	-0.091019512	
91.56	-0.040038773	
91.564	0.035635761	
91.568	0.094422926	
91.572	0.108283315	
91.576	0.075623779	
91.58	0.046787798	
91.584	0.056187372	
91.588	0.051885872	
91.592	0.01604004	
91.596	-0.03032057	
91.6	-0.075565976	
91.604	-0.124475622	
91.608	-0.137858066	
91.612	-0.185811824	
91.616	-0.338116782	
91.62	-0.086399383	
91.624	0.538911245	
91.628	0.761633349	
91.632	0.471361766	
91.636	0.029741113	
91.64	-0.260052525	
91.644	-0.279329617	
91.648	-0.237907767	
91.652	-0.304819987	
91.656	-0.363447837	
91.66	-0.276621266	
91.664	0.005843892	
91.668	0.376410139	
91.672	0.603115114	
91.676	0.498763913	
91.68	0.084386093	
91.684	-0.408215299	
91.688	-0.583461589	
91.692	-0.410605021	
91.696	-0.176252936	
91.7	0.039140687	
91.704	0.136322721	
91.708	0.084067464	
91.712	0.073552686	
91.716	0.209607534	
91.72	0.282573716	
91.724	0.214546293	
91.728	0.085023352	
91.732	0.024483725	
91.736	0.009986077	
91.74	-0.083213087	
91.744	-0.177208824	
91.748	-0.142159566	
91.752	0.030537687	
91.756	0.050929983	
91.76	-0.054695736	
91.764	-0.08432829	
91.768	-0.01375183	
91.772	0.042008354	
91.776	-0.0220362	
91.78	-0.079070902	
91.784	-0.081619939	
91.788	-0.049756977	
91.792	0.010464021	
91.796	0.061922705	
91.8	0.054434909	
91.804	0.054912853	
91.808	0.017473873	
91.812	-0.022673459	
91.816	0.009030188	
91.82	0.004888003	
91.824	-0.019487163	
91.828	-0.009928274	
91.832	0.008552244	
91.836	0.029263169	
91.84	0.067817353	
91.844	0.113062759	
91.848	0.101751407	
91.852	0.022412632	
91.856	-0.007857182	
91.86	0.037866169	
91.864	0.069410501	
91.868	0.041371095	
91.872	-0.044499588	
91.876	-0.128458493	
91.88	-0.145186548	
91.884	-0.15155914	
91.888	-0.100100457	
91.892	0.012535114	
91.896	0.038344113	
91.9	-0.005945404	
91.904	-0.024425922	
91.908	0.011260595	
91.912	0.038662743	
91.916	-0.04688931	
91.92	-0.100737716	
91.924	-0.050394236	
91.928	-0.002440478	
91.932	0.066542834	
91.936	0.095856759	
91.94	0.080243908	
91.944	0.059851612	
91.948	0.029103854	
91.952	-0.059953124	
91.956	-0.123360419	
91.96	-0.052624643	
91.964	-0.08034542	
91.968	-0.229145452	
91.972	-0.084487605	
91.976	0.530148931	
91.98	0.838582402	
91.984	0.231752292	
91.988	-0.411401595	
91.992	-0.529453869	
91.996	-0.259733896	
92	-0.011362107	
92.004	-0.062024217	
92.008	-0.026656329	
92.012	0.071959538	
92.016	0.01173854	
92.02	0.026873447	
92.024	0.138393814	
92.028	0.12039124	
92.032	0.027510706	
92.036	0.005684577	
92.04	0.02432441	
92.044	0.029103854	
92.048	0.023687151	
92.052	0.04917752	
92.056	0.116249055	
92.06	0.125329999	
92.064	0.023368521	
92.068	-0.066007087	
92.072	-0.049597662	
92.076	-0.054695736	
92.08	-0.117625086	
92.084	-0.16844651	
92.088	-0.078115013	
92.092	0.027351391	
92.096	0.000427188	
92.1	-0.044021643	
92.104	-0.051350125	
92.108	-0.05915655	
92.112	-0.08464692	
92.116	-0.099941142	
92.12	-0.080504735	
92.124	-0.061864902	
92.128	-0.027452903	
92.132	0.017473873	
92.136	0.067658038	
92.14	0.11178824	
92.144	0.120550555	
92.148	0.124533425	
92.152	0.118160833	
92.156	0.1124255	
92.16	0.118320148	
92.164	0.123099592	
92.168	0.087094445	
92.172	0.01970428	
92.176	-0.033666181	
92.18	-0.090063624	
92.184	-0.131644789	
92.188	-0.152992973	
92.192	-0.133556567	
92.196	-0.098029364	
92.2	-0.094843068	
92.204	-0.067281606	
92.208	-0.044499588	
92.212	-0.023470033	
92.216	0.003294855	
92.22	-0.012955256	
92.224	-0.006582663	
92.228	0.046309854	
92.232	0.079765964	
92.236	0.096971963	
92.24	0.105574963	
92.244	0.092829778	
92.248	0.103981815	
92.252	0.136004092	
92.256	0.127401092	
92.26	0.102547981	
92.264	0.062559964	
92.268	-0.004670885	
92.272	-0.052624643	
92.276	-0.072538994	
92.28	-0.100578401	
92.284	-0.157453788	
92.288	-0.169402399	
92.292	-0.165419529	
92.296	-0.157772418	
92.3	-0.099941142	
92.304	-0.068237495	
92.308	-0.028886737	
92.312	0.011260595	
92.316	0.016358669	
92.32	0.043601502	
92.324	0.073234056	
92.328	0.087413075	
92.332	0.102547981	
92.336	0.079925278	
92.34	0.063515853	
92.344	0.088050334	
92.348	0.10350387	
92.352	0.100317574	
92.356	0.09123663	
92.36	0.071800223	
92.364	0.050770668	
92.368	0.025120984	
92.372	0.019385651	
92.376	-0.007219922	
92.38	-0.067918865	
92.384	-0.096754846	
92.388	-0.114438789	
92.392	-0.14327477	
92.396	-0.173544584	
92.4	-0.187245657	
92.404	-0.149169418	
92.408	-0.09324992	
92.412	-0.046411366	
92.416	0.006003207	
92.42	0.029741113	
92.424	0.073234056	
92.428	0.154325295	
92.432	0.188737294	
92.436	0.176947998	
92.44	0.117364259	
92.444	0.051567242	
92.448	0.051885872	
92.452	0.06574626	
92.456	0.034998502	
92.46	-0.012317996	
92.464	-0.06377668	
92.468	-0.098029364	
92.472	-0.103286753	
92.476	-0.119377548	
92.48	-0.123041789	
92.484	-0.086877327	
92.488	-0.040994662	
92.492	0.006959096	
92.496	0.03659165	
92.5	0.032449465	
92.504	0.034839187	
92.508	0.045035335	
92.512	0.033723984	
92.516	0.035635761	
92.52	0.040255891	
92.524	0.033405354	
92.528	0.029900428	
92.532	0.029422484	
92.536	0.024961669	
92.54	0.019863595	
92.544	0.015562095	
92.548	-0.019327848	
92.552	-0.051987384	
92.556	-0.053261902	
92.56	-0.038764255	
92.564	-0.0220362	
92.568	-0.039401514	
92.572	-0.202858509	
92.576	-0.117625086	
92.58	0.238602829	
92.584	0.164521442	
92.588	0.038344113	
92.592	0.02464304	
92.596	-0.063935995	
92.6	-0.073972828	
92.604	0.006799781	
92.608	0.080403223	
92.612	0.084545408	
92.616	0.028785225	
92.62	-0.003874311	
92.624	-0.012955256	
92.628	-0.003237052	
92.632	0.006162522	
92.636	-0.005786089	
92.64	-0.026656329	
92.644	-0.039560829	
92.648	-0.0220362	
92.652	-0.01311457	
92.656	-0.08496555	
92.66	-0.150762566	
92.664	0.164840072	
92.668	0.216139441	
92.672	-0.015663607	
92.676	-0.04258781	
92.68	-0.101056345	
92.684	-0.163189121	
92.688	-0.102968123	
92.692	-0.028408792	
92.696	-0.013273885	
92.7	-0.088311161	
92.704	-0.116669197	
92.708	0.195109886	
92.712	0.189533868	
92.716	0.00775567	
92.72	0.000586503	
92.724	-0.134193826	
92.728	-0.056288884	
92.732	0.224264496	
92.736	0.311409697	
92.74	0.307267512	
92.744	0.159582683	
92.748	-0.076681179	
92.752	-0.113004956	
92.756	-0.173385269	
92.76	-0.324256394	
92.764	-0.39435491	
92.768	-0.314219561	
92.772	0.008074299	
92.776	0.377525343	
92.78	0.524413598	
92.784	0.428984027	
92.788	0.173124442	
92.792	-0.147894899	
92.796	-0.378901374	
92.8	-0.396107373	
92.804	-0.245395563	
92.808	-0.067600235	
92.812	0.00775567	
92.816	-0.007538552	
92.82	0.007277725	
92.824	0.120231925	
92.828	0.220281626	
92.832	0.161494461	
92.836	0.01173854	
92.84	-0.036374533	
92.844	0.052363816	
92.848	0.050292724	
92.852	-0.041472607	
92.856	-0.019646478	
92.86	0.104778389	
92.864	0.138075184	
92.868	0.000586503	
92.872	-0.115553993	
92.876	-0.113960845	
92.88	-0.054855051	
92.884	-0.037808366	
92.888	-0.062024217	
92.892	-0.080504735	
92.896	-0.121130011	
92.9	-0.1392919	
92.904	-0.055970254	
92.908	0.050611353	
92.912	0.084067464	
92.916	0.067658038	
92.92	0.027829336	
92.924	0.008552244	
92.928	0.044079446	
92.932	0.071481594	
92.936	0.032768095	
92.94	-0.004033626	
92.944	0.004728688	
92.948	0.028944539	
92.952	0.05809915	
92.956	0.059214353	
92.96	0.037069595	
92.964	0.01970428	
92.968	-0.015026348	
92.972	-0.043703014	
92.976	-0.039720144	
92.98	-0.024744552	
92.984	-0.016460181	
92.988	-0.004352256	
92.992	0.018907706	
92.996	0.017951817	
93	0.012216484	
93.004	0.017792503	
93.008	-0.003714997	
93.012	-0.021876885	
93.016	-0.015026348	
93.02	-0.010884163	
93.024	-0.007219922	
93.028	0.017155243	
93.032	0.026395502	
93.036	-0.000688015	
93.04	-0.027293588	
93.044	-0.041472607	
93.048	-0.037011792	
93.052	-0.034940699	
93.056	-0.070627217	
93.06	-0.106313734	
93.064	-0.202061935	
93.068	-0.274550173	
93.072	-0.019805792	
93.076	0.603274428	
93.08	0.944686066	
93.084	0.427550193	
93.088	-0.233606267	
93.092	-0.420323224	
93.096	-0.389097521	
93.1	-0.391805873	
93.104	-0.217515471	
93.108	0.067020779	
93.112	0.16276898	
93.116	0.160379257	
93.12	0.098087167	
93.124	-0.034940699	
93.128	-0.092134716	
93.132	-0.095958271	
93.136	-0.146142437	
93.14	-0.149328733	
93.144	-0.017256755	
93.148	0.070844334	
93.152	0.093785667	
93.156	0.121984388	
93.16	0.076738982	
93.164	0.000586503	
93.168	0.02432441	
93.172	0.041689724	
93.176	0.019226336	
93.18	0.045672594	
93.184	0.069729131	
93.188	0.067498723	
93.192	0.032449465	
93.196	-0.040676032	
93.2	-0.069034069	
93.204	-0.006104719	
93.208	0.061604075	
93.212	0.072437482	
93.216	0.036113706	
93.22	0.013013058	
93.224	-0.004670885	
93.228	-0.011840052	
93.232	-0.008653756	
93.236	-0.037808366	
93.24	-0.083531716	
93.244	-0.096595531	
93.248	-0.077796383	
93.252	-0.061227643	
93.256	-0.063617365	
93.26	-0.072698309	
93.264	-0.065529143	
93.268	-0.019487163	
93.272	0.04057452	
93.276	0.063197223	
93.28	0.050292724	
93.284	0.03260878	
93.288	0.037228909	
93.292	0.059373668	
93.296	0.083908149	
93.3	0.079925278	
93.304	0.061604075	
93.308	0.03229015	
93.312	-0.004033626	
93.316	-0.022673459	
93.32	-0.001006645	
93.324	0.024483725	
93.328	0.00775567	
93.332	-0.037967681	
93.336	-0.06775955	
93.34	-0.087195957	
93.344	-0.086877327	
93.348	-0.055970254	
93.352	-0.009928274	
93.356	0.023687151	
93.36	0.008233614	
93.364	-0.033028922	
93.368	-0.039560829	
93.372	-0.009291015	
93.376	0.002976225	
93.38	0.011101281	
93.384	0.018907706	
93.388	0.076898297	
93.392	0.122143703	
93.396	-0.144071344	
93.4	-0.096276901	
93.404	0.201163849	
93.408	0.14954585	
93.412	0.151935572	
93.416	-0.062342847	
93.42	-0.248422544	
93.424	0.003932114	
93.428	0.017314558	
93.432	-0.012636626	
93.436	0.09123663	
93.44	-0.16382638	
93.444	-0.113323586	
93.448	0.103185241	
93.452	-0.010724848	
93.456	-0.032550977	
93.46	0.109398518	
93.464	0.137915869	
93.468	-0.167331306	
93.472	-0.103605382	
93.476	0.113381389	
93.48	0.051726557	
93.484	0.031812206	
93.488	0.048062317	
93.492	0.092351834	
93.496	0.139349703	
93.5	-0.250175007	
93.504	-0.326805431	
93.508	-0.032869607	
93.512	-0.007219922	
93.516	0.026714132	
93.52	0.07466789	
93.524	0.039459317	
93.528	0.046469168	
93.532	0.058736409	
93.536	0.04949615	
93.54	0.046787798	
93.544	0.062559964	
93.548	0.078172816	
93.552	0.049974094	
93.556	0.033246039	
93.56	0.054116279	
93.564	0.051567242	
93.568	0.008392929	
93.572	-0.057722717	
93.576	-0.117943715	
93.58	-0.125112882	
93.584	-0.084009661	
93.588	-0.066325717	
93.592	-0.073016939	
93.596	-0.091178827	
93.6	-0.078115013	
93.604	-0.01375183	
93.608	0.026395502	
93.612	0.032449465	
93.616	0.020978799	
93.62	0.038025484	
93.624	0.069091871	
93.628	0.077854186	
93.632	0.083748834	
93.636	0.083111575	
93.64	0.057621205	
93.644	0.02464304	
93.648	-0.005308145	
93.652	-0.052146699	
93.656	-0.116828512	
93.66	-0.161595973	
93.664	-0.103127438	
93.668	0.037547539	
93.672	0.113062759	
93.676	0.073712001	
93.68	0.006959096	
93.684	0.033246039	
93.688	0.115611796	
93.692	0.114815222	
93.696	0.034998502	
93.7	-0.050234921	
93.704	-0.076203235	
93.708	-0.050712865	
93.712	-0.035737273	
93.716	-0.04688931	
93.72	-0.03828631	
93.724	0.006321836	
93.728	0.008392929	
93.732	-0.029842625	
93.736	-0.10583579	
93.74	-0.155064066	
93.744	-0.134353141	
93.748	-0.079389531	
93.752	0.031174947	
93.756	0.149227221	
93.76	0.197977552	
93.764	0.168663628	
93.768	0.127241777	
93.772	0.079447334	
93.776	-0.034940699	
93.78	-0.104242642	
93.784	-0.090222938	
93.788	-0.048004514	
93.792	0.041371095	
93.796	0.081677741	
93.8	0.039459317	
93.804	-0.037011792	
93.808	-0.133078622	
93.812	-0.14757627	
93.816	-0.16812788	
93.82	-0.299403283	
93.824	-0.138495326	
93.828	0.341838826	
93.832	0.573801189	
93.836	0.466104377	
93.84	0.255490199	
93.844	0.17073472	
93.848	0.01604004	
93.852	-0.239819545	
93.856	-0.439122372	
93.86	-0.576292423	
93.864	-0.371732207	
93.868	0.058577094	
93.872	0.454474396	
93.876	0.63943889	
93.88	0.380870954	
93.884	-0.17242938	
93.888	-0.580593923	
93.892	-0.552554516	
93.896	-0.307050394	
93.9	-0.092134716	
93.904	0.105256333	
93.908	0.097768537	
93.912	-0.025381811	
93.916	-0.047845199	
93.92	0.071959538	
93.924	0.220918885	
93.928	0.182364701	
93.932	0.103025926	
93.936	0.110513722	
93.94	0.128516295	
93.944	0.067339409	
93.948	-0.046411366	
93.952	-0.06409531	
93.956	0.033246039	
93.96	-0.027293588	
93.964	-0.169243084	
93.968	-0.157294473	
93.972	-0.1177844	
93.976	-0.040198088	
93.98	0.02830728	
93.984	0.026236188	
93.988	0.059851612	
93.992	0.089324852	
93.996	0.220122311	
94	0.138075184	
94.004	-0.071901735	
94.008	0.059214353	
94.012	0.095697445	
94.016	0.029422484	
94.02	0.124214796	
94.024	0.112903444	
94.028	0.000427188	
94.032	-0.021080311	
94.036	-0.082735142	
94.04	-0.199990842	
94.044	-0.167809251	
94.048	-0.075884605	
94.052	-0.077159124	
94.056	-0.123997678	
94.06	-0.160958714	
94.064	-0.137380122	
94.068	-0.041313292	
94.072	0.031971521	
94.076	0.090121426	
94.08	0.210244793	
94.084	0.238921459	
94.088	-0.065051198	
94.092	-0.200628101	
94.096	-0.163189121	
94.1	-0.047048625	
94.104	0.136163406	
94.108	0.232389551	
94.112	0.219485052	
94.116	0.10350387	
94.12	0.025280299	
94.124	-0.002440478	
94.128	-0.079548846	
94.132	-0.135149715	
94.136	-0.169243084	
94.14	-0.145345862	
94.144	-0.021558255	
94.148	0.040255891	
94.152	0.032130836	
94.156	0.021616058	
94.16	0.026395502	
94.164	0.024802354	
94.168	-0.055970254	
94.172	-0.12670603	
94.176	-0.150603251	
94.18	0.053319705	
94.184	0.96635288	
94.188	1.028326341	
94.192	-0.184059361	
94.196	-0.602897996	
94.2	-0.656587087	
94.204	-0.452823445	
94.208	-0.137061492	
94.212	-0.071423791	
94.216	0.103344556	
94.22	0.285919327	
94.224	0.249117606	
94.228	0.116727	
94.232	0.022571947	
94.236	-0.052783958	
94.24	-0.138017381	
94.244	-0.180873065	
94.248	-0.169083769	
94.252	-0.111252493	
94.256	-0.058997236	
94.26	-0.04720794	
94.264	-0.0177347	
94.268	0.014606206	
94.272	0.044079446	
94.276	0.117842203	
94.28	0.160060628	
94.284	0.145085036	
94.288	0.102070037	
94.292	0.094900871	
94.296	0.126763833	
94.3	0.130587388	
94.304	0.06176339	
94.308	-0.014389089	
94.312	-0.067122291	
94.316	-0.137380122	
94.32	-0.156816529	
94.324	-0.117306456	
94.328	-0.045455477	
94.332	0.006640466	
94.336	0.004728688	
94.34	-0.019009218	
94.344	-0.034462755	
94.348	-0.052943273	
94.352	-0.043703014	
94.356	0.004250744	
94.36	-0.004192941	
94.364	-0.052306014	
94.368	0.030697002	
94.372	0.034520558	
94.376	-0.056129569	
94.38	-0.075884605	
94.384	-0.04657068	
94.388	0.112903444	
94.392	0.213590404	
94.396	0.174239646	
94.4	0.105097018	
94.404	0.009826762	
94.408	-0.057404088	
94.412	-0.063935995	
94.416	-0.068715439	
94.42	-0.04290644	
94.424	0.006640466	
94.428	0.056983946	
94.432	0.059214353	
94.436	-0.011362107	
94.44	-0.040994662	
94.444	-0.020124422	
94.448	-0.001962534	
94.452	-0.002759108	
94.456	-0.037330421	
94.46	-0.065529143	
94.464	-0.068237495	
94.468	-0.057085458	
94.472	-0.006104719	
94.476	0.048062317	
94.48	0.07036639	
94.484	0.064153112	
94.488	0.015084151	
94.492	-0.035259329	
94.496	-0.087036642	
94.5	-0.101693605	
94.504	-0.023629348	
94.508	0.051407928	
94.512	0.062878594	
94.516	0.064153112	
94.52	0.033405354	
94.524	-0.047845199	
94.528	-0.075247346	
94.532	-0.048163829	
94.536	0.002976225	
94.54	0.04121178	
94.544	0.042008354	
94.548	0.030697002	
94.552	0.017155243	
94.556	0.015562095	
94.56	0.010623336	
94.564	0.000586503	
94.568	-0.00514883	
94.572	0.001542392	
94.576	0.030059743	
94.58	0.022094003	
94.584	-0.013911144	
94.588	0.00345417	
94.592	0.007914984	
94.596	0.002020337	
94.6	0.034839187	
94.604	0.062241335	
94.608	0.067658038	
94.612	0.062400649	
94.616	0.025439614	
94.62	-0.051031495	
94.624	-0.087833216	
94.628	-0.049597662	
94.632	-0.033347551	
94.636	-0.042269181	
94.64	-0.055651625	
94.644	-0.077318439	
94.648	-0.060909013	
94.652	-0.054217791	
94.656	-0.041153977	
94.66	0.008074299	
94.664	0.046947113	
94.668	0.05347902	
94.672	0.041052465	
94.676	0.04551328	
94.68	0.025917558	
94.684	-0.006741978	
94.688	0.014924836	
94.692	0.053638335	
94.696	0.048540261	
94.7	0.049974094	
94.704	0.052045187	
94.708	0.018907706	
94.712	-0.01805333	
94.716	-0.053899162	
94.72	-0.084168976	
94.724	-0.061546273	
94.728	-0.032232348	
94.732	-0.047048625	
94.736	-0.062024217	
94.74	-0.067918865	
94.744	-0.066644346	
94.748	-0.033666181	
94.752	0.025758243	
94.756	0.037866169	
94.76	0.028785225	
94.764	0.052523131	
94.768	0.065427631	
94.772	0.072596797	
94.776	0.07833213	
94.78	0.054434909	
94.784	0.009030188	
94.788	-0.012636626	
94.792	-0.018531274	
94.796	-0.015822922	
94.8	0.022253317	
94.804	0.058417779	
94.808	0.055550113	
94.812	0.041849039	
94.816	0.002020337	
94.82	-0.055332995	
94.824	-0.093090605	
94.828	-0.084168976	
94.832	-0.032710292	
94.836	0.034201928	
94.84	0.064153112	
94.844	0.030856317	
94.848	-0.018531274	
94.852	-0.03860494	
94.856	-0.037808366	
94.86	-0.044180958	
94.864	-0.079230216	
94.868	-0.085921438	
94.872	-0.039879458	
94.876	0.004888003	
94.88	0.043920131	
94.884	0.06606489	
94.888	0.064471742	
94.892	0.048062317	
94.896	0.01970428	
94.9	-0.019965107	
94.904	-0.049438347	
94.908	-0.052146699	
94.912	-0.03032057	
94.916	-0.012317996	
94.92	0.01173854	
94.924	0.063675168	
94.928	0.088528278	
94.932	0.076898297	
94.936	0.051089298	
94.94	0.031174947	
94.944	0.033086724	
94.948	0.058577094	
94.952	0.058736409	
94.956	0.01970428	
94.96	-0.060590384	
94.964	-0.14295614	
94.968	-0.150603251	
94.972	-0.221179712	
94.976	-0.359783596	
94.98	-0.046411366	
94.984	0.446030711	
94.988	0.444915508	
94.992	0.095856759	
94.996	-0.200628101	
95	-0.207000694	
95.004	-0.077318439	
95.008	-0.095958271	
95.012	-0.2350401	
95.016	-0.291915487	
95.02	-0.139132585	
95.024	0.232867496	
95.028	0.650750242	
95.032	0.73614298	
95.036	0.355699214	
95.04	-0.171154862	
95.044	-0.415065835	
95.048	-0.31517545	
95.052	-0.147735585	
95.056	0.003932114	
95.06	0.043760817	
95.064	0.000745818	
95.068	-0.003237052	
95.072	0.039618632	
95.076	0.085979241	
95.08	0.078810075	
95.084	-0.018690589	
95.088	-0.137698752	
95.092	-0.115872623	
95.096	-0.165419529	
95.1	-0.219108619	
95.104	-0.11380153	
95.108	0.064949686	
95.112	0.106371537	
95.116	0.038503428	
95.12	0.019067021	
95.124	0.083589519	
95.128	0.118001518	
95.132	0.036432335	
95.136	0.010941966	
95.14	0.012694429	
95.144	-0.000210071	
95.148	0.07068502	
95.152	0.077216927	
95.156	-0.015982237	
95.16	-0.009768959	
95.164	-0.010884163	
95.168	-0.003237052	
95.172	0.068454612	
95.176	0.062400649	
95.18	-0.009768959	
95.184	-0.039560829	
95.188	-0.014707718	
95.192	-0.012477311	
95.196	-0.029205366	
95.2	-0.026178385	
95.204	-0.063298735	
95.208	-0.142637511	
95.212	-0.145186548	
95.216	-0.096436216	
95.22	-0.048323143	
95.224	0.008711559	
95.228	0.114815222	
95.232	0.174239646	
95.236	0.096971963	
95.24	0.060329557	
95.244	0.075305149	
95.248	0.046309854	
95.252	-0.001803219	
95.256	-0.004033626	
95.26	0.005843892	
95.264	-0.016778811	
95.268	-0.027452903	
95.272	-0.04720794	
95.276	-0.06345805	
95.28	-0.04657068	
95.284	-0.056926143	
95.288	-0.071423791	
95.292	-0.057244773	
95.296	-0.049597662	
95.3	-0.029683311	
95.304	0.012216484	
95.308	0.048858891	
95.312	0.023846465	
95.316	-0.060271754	
95.32	0.027829336	
95.324	0.009189503	
95.328	-0.184855935	
95.332	0.001223762	
95.336	0.593237595	
95.34	0.918080493	
95.344	0.288468364	
95.348	-0.519735665	
95.352	-0.666145976	
95.356	-0.370617003	
95.36	-0.101852919	
95.364	-0.09691416	
95.368	-0.057404088	
95.372	0.086138556	
95.376	0.010464021	
95.38	-0.044977532	
95.384	0.093944982	
95.388	0.146200239	
95.392	0.072596797	
95.396	0.028147965	
95.4	0.015402781	
95.404	-0.029842625	
95.408	-0.057244773	
95.412	-0.043384384	
95.416	0.004410059	
95.42	0.035795076	
95.424	0.016358669	
95.428	0.01173854	
95.432	0.08295226	
95.436	0.131383962	
95.44	0.103663185	
95.444	0.067020779	
95.448	0.02002291	
95.452	0.006959096	
95.456	-0.013592515	
95.46	-0.051668754	
95.464	-0.05087218	
95.468	-0.036215218	
95.472	-0.08002679	
95.476	-0.120174123	
95.48	-0.110455919	
95.484	-0.083213087	
95.488	-0.089585679	
95.492	-0.08464692	
95.496	-0.014229774	
95.5	0.029422484	
95.504	0.065586946	
95.508	0.062400649	
95.512	0.026076873	
95.516	0.049018205	
95.52	0.101910722	
95.524	0.122303018	
95.528	0.127879036	
95.532	0.083111575	
95.536	-0.031435774	
95.54	-0.081301309	
95.544	0.010623336	
95.548	-0.017097441	
95.552	-0.086080753	
95.556	0.114018648	
95.56	0.056824631	
95.564	-0.117943715	
95.568	-0.08496555	
95.572	-0.091178827	
95.576	-0.119377548	
95.58	-0.078115013	
95.584	-0.05947518	
95.588	-0.045933421	
95.592	-0.008972385	
95.596	0.030378373	
95.6	0.099521	
95.604	0.151616943	
95.608	0.152094887	
95.612	0.139509017	
95.616	0.071003649	
95.62	-0.012795941	
95.624	-0.047048625	
95.628	-0.063139421	
95.632	-0.069671328	
95.636	-0.072538994	
95.64	-0.093887179	
95.644	-0.095798957	
95.648	-0.047367254	
95.652	0.001861022	
95.656	0.02034154	
95.66	0.026395502	
95.664	0.023368521	
95.668	0.019544966	
95.672	0.04917752	
95.676	0.086138556	
95.68	0.084545408	
95.684	0.056665316	
95.688	0.055390798	
95.692	0.064471742	
95.696	0.051885872	
95.7	0.037069595	
95.704	0.012216484	
95.708	-0.040516718	
95.712	-0.081141994	
95.716	-0.092771975	
95.72	-0.074450772	
95.724	-0.022354829	
95.728	-0.017894015	
95.732	-0.104561271	
95.736	-0.191228528	
95.74	-0.173225954	
95.744	-0.088470475	
95.748	0.008711559	
95.752	0.066542834	
95.756	0.063197223	
95.76	0.048221631	
95.764	0.034201928	
95.768	0.034679873	
95.772	0.036113706	
95.776	0.060966816	
95.78	0.092351834	
95.784	0.082155686	
95.788	0.06208202	
95.792	0.031812206	
95.796	-0.004989515	
95.8	-0.021876885	
95.804	-0.020761681	
95.808	-0.021876885	
95.812	-0.017256755	
95.816	-0.002599793	
95.82	0.000108559	
95.824	-0.015026348	
95.828	-0.032710292	
95.832	-0.019009218	
95.836	0.003294855	
95.84	0.005525262	
95.844	0.009986077	
95.848	0.042008354	
95.852	0.05809915	
95.856	0.046947113	
95.86	0.042326983	
95.864	0.033564669	
95.868	0.031971521	
95.872	0.032130836	
95.876	-0.005786089	
95.88	-0.047367254	
95.884	-0.068874754	
95.888	-0.083531716	
95.892	-0.096595531	
95.896	-0.090541568	
95.9	-0.05947518	
95.904	-0.033347551	
95.908	-0.014707718	
95.912	0.002020337	
95.916	0.013809632	
95.92	0.023846465	
95.924	0.036273021	
95.928	0.035476447	
95.932	0.028466595	
95.936	0.034679873	
95.94	0.036750965	
95.944	0.030856317	
95.948	0.025439614	
95.952	0.031812206	
95.956	0.028785225	
95.96	0.012535114	
95.964	-0.013592515	
95.968	-0.042269181	
95.972	-0.054855051	
95.976	-0.075088031	
95.98	-0.095958271	
95.984	-0.084168976	
95.988	-0.176252936	
95.992	-0.015344978	
95.996	0.282095772	
96	0.094104297	
96.004	-0.01741607	
96.008	0.075942408	
96.012	0.046787798	
96.016	0.014287577	
96.02	0.031971521	
96.024	0.043442187	
96.028	0.036113706	
96.032	-0.138813955	
96.036	-0.088470475	
96.04	0.290539457	
96.044	0.139031073	
96.048	-0.001803219	
96.052	0.143332573	
96.056	0.053001076	
96.06	-0.116350567	
96.064	-0.159524881	
96.068	-0.169083769	
96.072	-0.171473491	
96.076	-0.127343289	
96.08	-0.043225069	
96.084	0.006640466	
96.088	0.014924836	
96.092	0.035954391	
96.096	0.052204502	
96.1	0.017473873	
96.104	-0.012158682	
96.108	-0.00945033	
96.112	-0.162392547	
96.116	-0.279010988	
96.12	-0.077796383	
96.124	0.179656349	
96.128	0.309338605	
96.132	0.298664512	
96.136	0.118320148	
96.14	-0.02171757	
96.144	-0.043384384	
96.148	-0.166375417	
96.152	-0.353570319	
96.156	-0.359942911	
96.16	-0.092453346	
96.164	0.322561734	
96.168	0.646767372	
96.172	0.686596074	
96.176	0.431214434	
96.18	0.002498281	
96.184	-0.374918503	
96.188	-0.485164352	
96.192	-0.390212725	
96.196	-0.186767713	
96.2	-0.065847772	
96.204	-0.093727864	
96.208	-0.114438789	
96.212	-0.032391662	
96.216	0.144288462	
96.22	0.154803239	
96.224	0.001701707	
96.228	-0.035737273	
96.232	-0.006264034	
96.236	-0.030798514	
96.24	-0.070149272	
96.244	-0.094365123	
96.248	0.001701707	
96.252	0.150342424	
96.256	0.125967258	
96.26	0.040415206	
96.264	0.046628483	
96.268	0.065427631	
96.272	0.048699576	
96.276	0.009030188	
96.28	-0.021876885	
96.284	-0.015504293	
96.288	-0.003555682	
96.292	-0.009928274	
96.296	0.009030188	
96.3	-0.003077737	
96.304	-0.080186105	
96.308	-0.070308587	
96.312	-0.018212644	
96.316	-0.030161255	
96.32	-0.022673459	
96.324	-0.0134332	
96.328	-0.047367254	
96.332	-0.053899162	
96.336	-0.024425922	
96.34	0.041689724	
96.344	0.088209649	
96.348	0.078013501	
96.352	0.092033204	
96.356	0.095060185	
96.36	0.042964243	
96.364	0.012216484	
96.368	0.012694429	
96.372	-0.006741978	
96.376	-0.015504293	
96.38	0.022890577	
96.384	0.046947113	
96.388	0.005047318	
96.392	-0.0134332	
96.396	0.00711841	
96.4	-0.014867033	
96.404	-0.053421217	
96.408	-0.08894842	
96.412	-0.10950003	
96.416	-0.126068771	
96.42	-0.136264918	
96.424	-0.09723279	
96.428	-0.029046051	
96.432	0.012853744	
96.436	0.059692298	
96.44	0.096812648	
96.444	0.092829778	
96.448	0.062878594	
96.452	0.023846465	
96.456	-0.080823365	
96.46	-0.167331306	
96.464	0.05316039	
96.468	0.64374039	
96.472	0.677355815	
96.476	-0.059634495	
96.48	-0.527701406	
96.484	-0.405506947	
96.488	-0.295898358	
96.492	-0.299562598	
96.496	-0.027134274	
96.5	0.219485052	
96.504	0.202119738	
96.508	0.11210687	
96.512	0.077376242	
96.516	0.04551328	
96.52	-0.039560829	
96.524	-0.1220859	
96.528	-0.124156993	
96.532	0.030856317	
96.536	0.113062759	
96.54	0.09123663	
96.544	0.054594224	
96.548	0.012535114	
96.552	0.039937261	
96.556	0.046787798	
96.56	0.049814779	
96.564	0.100476889	
96.568	0.058895724	
96.572	-0.066325717	
96.576	-0.115394678	
96.58	-0.100100457	
96.584	-0.11412016	
96.588	-0.104879901	
96.592	-0.066007087	
96.596	-0.044658903	
96.6	-0.013273885	
96.604	0.004569373	
96.608	-0.023151403	
96.612	-0.058678606	
96.616	-0.037489736	
96.62	0.019544966	
96.624	0.02830728	
96.628	0.004410059	
96.632	0.006799781	
96.636	0.004410059	
96.64	0.009348818	
96.644	0.045672594	
96.648	0.076738982	
96.652	0.056506001	
96.656	0.00775567	
96.66	-0.016300867	
96.664	-0.017894015	
96.668	-0.022673459	
96.672	0.004250744	
96.676	0.063037909	
96.68	0.062559964	
96.684	0.055072168	
96.688	0.10350387	
96.692	0.136163406	
96.696	0.111469611	
96.7	0.093148408	
96.704	0.084545408	
96.708	0.045672594	
96.712	-0.008494441	
96.716	-0.058041347	
96.72	-0.097073475	
96.724	-0.133078622	
96.728	-0.121130011	
96.732	-0.095798957	
96.736	-0.134831085	
96.74	-0.182306898	
96.744	-0.18103238	
96.748	-0.137380122	
96.752	-0.080504735	
96.756	-0.043225069	
96.76	-0.00945033	
96.764	-0.007060608	
96.768	-0.00084733	
96.772	0.043920131	
96.776	0.091873889	
96.78	0.146837499	
96.784	0.150023795	
96.788	0.113859333	
96.792	0.120550555	
96.796	0.136163406	
96.8	0.109398518	
96.804	0.076420353	
96.808	0.057939835	
96.812	0.03229015	
96.816	-0.014229774	
96.82	-0.065210513	
96.824	-0.069512013	
96.828	-0.044499588	
96.832	-0.060590384	
96.836	-0.10519853	
96.84	-0.099463197	
96.844	-0.05915655	
96.848	-0.041950551	
96.852	-0.037171107	
96.856	-0.003237052	
96.86	0.033883298	
96.864	0.044238761	
96.868	0.046150539	
96.872	0.059214353	
96.876	0.054116279	
96.88	0.029103854	
96.884	-0.011999367	
96.888	-0.032391662	
96.892	0.006481151	
96.896	0.019863595	
96.9	-0.028727422	
96.904	-0.075247346	
96.908	-0.073176254	
96.912	-0.050234921	
96.916	-0.006901293	
96.92	0.080881167	
96.924	0.121984388	
96.928	0.072756112	
96.932	-0.039242199	
96.936	-0.071105161	
96.94	-0.062342847	
96.944	-0.079708161	
96.948	-0.033666181	
96.952	-0.004511571	
96.956	-0.008494441	
96.96	0.07036639	
96.964	0.151776258	
96.968	0.107646055	
96.972	-0.005945404	
96.976	-0.080504735	
96.98	-0.087514587	
96.984	-0.0263377	
96.988	0.007596355	
96.992	-0.030161255	
96.996	-0.018212644	
97	0.046628483	
97.004	0.065586946	
97.008	0.016677299	
97.012	-0.035259329	
97.016	-0.161914603	
97.02	-0.172907325	
97.024	0.059692298	
97.028	0.202756997	
97.032	0.200526589	
97.036	0.148749276	
97.04	0.076898297	
97.044	-0.002440478	
97.048	-0.08034542	
97.052	-0.136742863	
97.056	-0.157931732	
97.06	-0.129573696	
97.064	-0.064254624	
97.068	-0.028727422	
97.072	-0.028886737	
97.076	0.000267874	
97.08	0.049814779	
97.084	0.105097018	
97.088	0.121984388	
97.092	0.075305149	
97.096	0.025120984	
97.1	0.015880725	
97.104	0.009348818	
97.108	-0.005786089	
97.112	-0.018371959	
97.116	-0.039560829	
97.12	-0.057722717	
97.124	-0.047685884	
97.128	-0.011521422	
97.132	0.001064448	
97.136	-0.002759108	
97.14	0.00345417	
97.144	-0.010246904	
97.148	-0.025222496	
97.152	-0.007379237	
97.156	0.01970428	
97.16	0.045831909	
97.164	0.069251186	
97.168	0.056665316	
97.172	0.012694429	
97.176	-0.046729995	
97.18	-0.087514587	
97.184	-0.051668754	
97.188	-0.023629348	
97.192	-0.050234921	
97.196	-0.022195515	
97.2	0.00345417	
97.204	-0.071105161	
97.208	-0.100737716	
97.212	-0.04258781	
97.216	-0.15155914	
97.22	-0.201106046	
97.224	0.173443072	
97.228	0.514058135	
97.232	0.480283395	
97.236	0.256286773	
97.24	-0.014389089	
97.244	-0.110933864	
97.248	0.024802354	
97.252	-0.029842625	
97.256	-0.30625382	
97.26	-0.366634133	
97.264	-0.151081196	
97.268	0.17471759	
97.272	0.467538211	
97.276	0.444596878	
97.28	0.056346687	
97.284	-0.39005341	
97.288	-0.553829035	
97.292	-0.430360057	
97.296	-0.24762597	
97.3	-0.031276459	
97.304	0.07036639	
97.308	0.004250744	
97.312	0.000108559	
97.316	0.109557833	
97.32	0.228884626	
97.324	0.226972848	
97.328	0.110354407	
97.332	0.063037909	
97.336	0.123418222	
97.34	0.071640908	
97.344	-0.053102588	
97.348	-0.026815644	
97.352	0.121665759	
97.356	0.128038351	
97.36	-0.021398941	
97.364	-0.100737716	
97.368	-0.083053772	
97.372	-0.055014365	
97.376	-0.102490179	
97.38	-0.129573696	
97.384	-0.058997236	
97.388	-0.013273885	
97.392	0.05316039	
97.396	0.027510706	
97.4	-0.077318439	
97.404	-0.064732569	
97.408	-0.038126996	
97.412	-0.041313292	
97.416	0.040096576	
97.42	0.126445203	
97.424	0.129950129	
97.428	0.071322279	
97.432	0.02432441	
97.436	0.057621205	
97.44	0.070525705	
97.444	0.033086724	
97.448	0.029263169	
97.452	0.004888003	
97.456	-0.099463197	
97.46	-0.175774991	
97.464	-0.133715881	
97.468	-0.075725291	
97.472	-0.086558698	
97.476	-0.081460624	
97.48	-0.053261902	
97.484	-0.037330421	
97.488	0.027670021	
97.492	0.080562538	
97.496	0.060807501	
97.5	0.053001076	
97.504	0.089643482	
97.508	0.122462333	
97.512	0.146678184	
97.516	0.135844777	
97.52	0.079288019	
97.524	0.057621205	
97.528	0.054116279	
97.532	0.029581799	
97.536	-0.015982237	
97.54	-0.062820791	
97.544	-0.104720586	
97.548	-0.119058919	
97.552	-0.10981866	
97.556	-0.098347994	
97.56	-0.083372401	
97.564	-0.09293129	
97.568	-0.191228528	
97.572	-0.2393416	
97.576	0.075783093	
97.58	0.698226055	
97.584	0.824084755	
97.588	0.168185683	
97.592	-0.556059442	
97.596	-0.615165236	
97.6	-0.364403726	
97.604	-0.190750583	
97.608	-0.049279032	
97.612	0.029741113	
97.616	0.048221631	
97.62	0.17503622	
97.624	0.196862349	
97.628	0.085979241	
97.632	0.072915427	
97.636	0.001542392	
97.64	-0.012317996	
97.644	0.03659165	
97.648	-0.028727422	
97.652	-0.024266607	
97.656	0.023209206	
97.66	-0.001803219	
97.664	-0.014548404	
97.668	0.036273021	
97.672	0.101114148	
97.676	0.084226778	
97.68	0.012694429	
97.684	-0.032550977	
97.688	-0.039560829	
97.692	-0.029046051	
97.696	-0.027612218	
97.7	-0.026497014	
97.704	-0.015504293	
97.708	0.030537687	
97.712	0.073074742	
97.716	0.057302576	
97.72	0.01604004	
97.724	-0.051987384	
97.728	-0.129733011	
97.732	-0.136583548	
97.736	-0.071423791	
97.74	-0.006741978	
97.744	0.076898297	
97.748	0.124852055	
97.752	0.092192519	
97.756	0.001542392	
97.76	-0.091338142	
97.764	-0.081301309	
97.768	-0.035737273	
97.772	-0.049119717	
97.776	-0.042109866	
97.78	-0.019009218	
97.784	-0.00546746	
97.788	0.017633188	
97.792	0.024961669	
97.796	0.021456743	
97.8	0.060010927	
97.804	0.08693513	
97.808	0.069410501	
97.812	0.054434909	
97.816	0.064153112	
97.82	0.023368521	
97.824	-0.025541126	
97.828	-0.028568107	
97.832	-0.024425922	
97.836	0.003294855	
97.84	0.034201928	
97.844	0.021138114	
97.848	-0.013592515	
97.852	-0.057563402	
97.856	-0.080186105	
97.86	-0.067281606	
97.864	-0.073016939	
97.868	-0.108066197	
97.872	-0.103446068	
97.876	-0.040198088	
97.88	0.009189503	
97.884	0.021775373	
97.888	0.042804928	
97.892	0.07036639	
97.896	0.083270889	
97.9	0.076738982	
97.904	0.047903002	
97.908	0.033564669	
97.912	0.052682446	
97.916	0.088528278	
97.92	0.115133851	
97.924	0.088050334	
97.928	0.043123557	
97.932	0.009667447	
97.936	-0.047048625	
97.94	-0.083531716	
97.944	-0.105995104	
97.948	-0.119377548	
97.952	-0.127343289	
97.956	-0.120652067	
97.96	-0.093090605	
97.964	-0.066166402	
97.968	-0.0220362	
97.972	0.013968947	
97.976	0.026395502	
97.98	0.045831909	
97.984	0.050133409	
97.988	0.027192076	
97.992	0.023368521	
97.996	0.06176339	
98	0.097927852	
98.004	0.080562538	
98.008	0.052045187	
98.012	0.041530409	
98.016	0.045991224	
98.02	0.052363816	
98.024	0.021297429	
98.028	-0.001643904	
98.032	-0.002599793	
98.036	-0.039401514	
98.04	-0.056288884	
98.044	-0.034940699	
98.048	-0.001484589	
98.052	0.03691028	
98.056	0.041689724	
98.06	0.009986077	
98.064	-0.030161255	
98.068	-0.059634495	
98.072	-0.085284179	
98.076	-0.146939011	
98.08	-0.16382638	
98.084	-0.138176696	
98.088	-0.099622512	
98.092	-0.007538552	
98.096	0.081199797	
98.1	0.07466789	
98.104	0.058258464	
98.108	0.066542834	
98.112	0.047903002	
98.116	0.056346687	
98.12	0.068773242	
98.124	0.081518427	
98.128	0.103185241	
98.132	0.090440056	
98.136	0.090440056	
98.14	0.077057612	
98.144	0.007277725	
98.148	-0.047048625	
98.152	-0.086080753	
98.156	-0.100100457	
98.16	-0.05915655	
98.164	-0.028886737	
98.168	-0.02601907	
98.172	-0.024744552	
98.176	-0.047048625	
98.18	-0.055970254	
98.184	-0.052943273	
98.188	-0.015185663	
98.192	0.008552244	
98.196	-0.022832774	
98.2	-0.053580532	
98.204	-0.075725291	
98.208	-0.069830643	
98.212	-0.017575385	
98.216	0.06638352	
98.22	0.130268758	
98.224	0.143969832	
98.228	0.163565554	
98.232	0.167229794	
98.236	0.079925278	
98.24	-0.105357845	
98.244	-0.245395563	
98.248	-0.182306898	
98.252	-0.054855051	
98.256	0.02002291	
98.26	0.086138556	
98.264	0.101592093	
98.268	0.055231483	
98.272	0.037069595	
98.276	-0.01375183	
98.28	-0.094524438	
98.284	-0.10519853	
98.288	-0.067122291	
98.292	-0.001006645	
98.296	0.060329557	
98.3	0.100636204	
98.304	0.121028499	
98.308	0.102707296	
98.312	0.060010927	
98.316	0.031493576	
98.32	0.019226336	
98.324	0.003613485	
98.328	-0.011043478	
98.332	-0.037808366	
98.336	-0.087833216	
98.34	-0.150762566	
98.344	-0.162073918	
98.348	-0.198716324	
98.352	-0.372369466	
98.356	-0.11842166	
98.36	0.505455135	
98.364	0.590210614	
98.368	0.202597682	
98.372	-0.090541568	
98.376	-0.147735585	
98.38	-0.108066197	
98.384	-0.102490179	
98.388	-0.21018699	
98.392	-0.330151042	
98.396	-0.234402841	
98.4	0.063834483	
98.404	0.434560045	
98.408	0.646767372	
98.412	0.408273101	
98.416	-0.097710734	
98.42	-0.441671409	
98.424	-0.411720224	
98.428	-0.172588695	
98.432	0.051885872	
98.436	0.136641351	
98.44	0.064631057	
98.444	-0.039879458	
98.448	-0.078433642	
98.452	0.008870873	
98.456	0.069091871	
98.46	0.05379765	
98.464	-0.007857182	
98.468	-0.039082884	
98.472	-0.064891884	
98.476	-0.058678606	
98.48	-0.007857182	
98.484	0.099361685	
98.488	0.198455497	
98.492	0.125329999	
98.496	0.075305149	
98.5	0.101273463	
98.504	0.101432778	
98.508	0.045672594	
98.512	-0.067122291	
98.516	-0.100737716	
98.52	-0.06409531	
98.524	-0.020761681	
98.528	0.046150539	
98.532	0.030537687	
98.536	-0.075725291	
98.54	-0.131644789	
98.544	-0.120652067	
98.548	-0.062024217	
98.552	-0.020761681	
98.556	-0.048960403	
98.56	-0.064254624	
98.564	-0.077318439	
98.568	-0.086240068	
98.572	-0.056288884	
98.576	-0.006423348	
98.58	0.031812206	
98.584	0.00313554	
98.588	-0.0134332	
98.592	0.001064448	
98.596	0.014446892	
98.6	0.063037909	
98.604	0.081677741	
98.608	0.066224205	
98.612	0.075623779	
98.616	0.07004776	
98.62	0.077694871	
98.624	0.084067464	
98.628	0.091395945	
98.632	0.087413075	
98.636	0.03292741	
98.64	-0.035896588	
98.644	-0.078115013	
98.648	-0.100419086	
98.652	-0.079389531	
98.656	-0.023310718	
98.66	-0.003555682	
98.664	-0.025222496	
98.668	-0.041153977	
98.672	-0.052943273	
98.676	-0.03398481	
98.68	-0.011043478	
98.684	0.019226336	
98.688	0.068932557	
98.692	-0.062980106	
98.696	-0.081460624	
98.7	0.005047318	
98.704	-0.119855493	
98.708	0.17073472	
98.712	0.770395664	
98.716	0.742515572	
98.72	0.027988651	
98.724	-0.730827788	
98.728	-0.70008003	
98.732	-0.243005841	
98.736	-0.123997678	
98.74	-0.219267934	
98.744	-0.108066197	
98.748	0.069569816	
98.752	0.041371095	
98.756	0.04551328	
98.76	0.163724868	
98.764	0.161653776	
98.768	0.109876463	
98.772	0.076261038	
98.776	0.088209649	
98.78	0.126763833	
98.784	0.120869185	
98.788	0.071800223	
98.792	-0.050553551	
98.796	-0.056926143	
98.8	0.021616058	
98.804	-0.007538552	
98.808	-0.08894842	
98.812	-0.120492752	
98.816	-0.062820791	
98.82	-0.025541126	
98.824	-0.032232348	
98.828	-0.010246904	
98.832	-0.008813071	
98.836	-0.005786089	
98.84	0.014765521	
98.844	0.016517984	
98.848	-0.001643904	
98.852	-0.002918423	
98.856	0.001701707	
98.86	0.023049891	
98.864	0.037228909	
98.868	0.018907706	
98.872	0.016358669	
98.876	0.014924836	
98.88	-0.008653756	
98.884	-0.024903866	
98.888	-0.035418644	
98.892	-0.067918865	
98.896	-0.081141994	
98.9	-0.078911587	
98.904	-0.047048625	
98.908	0.00711841	
98.912	0.026236188	
98.916	0.037706854	
98.92	0.046309854	
98.924	0.02862591	
98.928	0.034679873	
98.932	0.073393371	
98.936	0.091077315	
98.94	0.092989093	
98.944	0.102547981	
98.948	0.12469274	
98.952	0.087094445	
98.956	0.043123557	
98.96	0.014924836	
98.964	-0.072220365	
98.968	-0.117943715	
98.972	-0.098985253	
98.976	-0.088311161	
98.98	-0.074132143	
98.984	-0.069671328	
98.988	-0.081301309	
98.992	-0.07174242	
98.996	-0.067600235	
99	-0.042109866	
99.004	-0.020283737	
99.008	-0.022514144	
99.012	-0.022195515	
99.016	0.006162522	
99.02	0.043282872	
99.024	0.061922705	
99.028	0.077376242	
99.032	0.081040482	
99.036	0.060807501	
99.04	0.078810075	
99.044	0.098565111	
99.048	0.055550113	
99.052	-0.003396367	
99.056	-0.030161255	
99.06	-0.030957829	
99.064	-0.023629348	
99.068	-0.028090163	
99.072	-0.041791236	
99.076	-0.035259329	
99.08	-0.014229774	
99.084	-0.004670885	
99.088	-0.023151403	
99.092	-0.059953124	
99.096	-0.089744994	
99.1	-0.087036642	
99.104	-0.041472607	
99.108	0.010304707	
99.112	0.035635761	
99.116	0.050133409	
99.12	0.046787798	
99.124	0.04487602	
99.128	0.065427631	
99.132	0.050929983	
99.136	0.002179651	
99.14	-0.002440478	
99.144	0.022253317	
99.148	0.036750965	
99.152	0.048858891	
99.156	0.032449465	
99.16	-0.003077737	
99.164	-0.028886737	
99.168	-0.037649051	
99.172	-0.012636626	
99.176	0.025120984	
99.18	0.029422484	
99.184	0.00743704	
99.188	-0.009928274	
99.192	-0.022673459	
99.196	-0.0263377	
99.2	0.000745818	
99.204	-0.004511571	
99.208	-0.017256755	
99.212	-0.019168533	
99.216	-0.047685884	
99.22	-0.075406661	
99.224	-0.061546273	
99.228	-0.028568107	
99.232	0.009189503	
99.236	0.023846465	
99.24	0.014924836	
99.244	0.013331688	
99.248	-0.002121849	
99.252	0.009667447	
99.256	0.031174947	
99.26	0.010941966	
99.264	-0.00514883	
99.268	-0.005786089	
99.272	-0.004033626	
99.276	-0.014548404	
99.28	-0.005786089	
99.284	0.029741113	
99.288	0.062719279	
99.292	0.080243908	
99.296	0.066224205	
99.3	0.041371095	
99.304	0.006799781	
99.308	-0.032550977	
99.312	-0.05150944	
99.316	-0.050234921	
99.32	-0.026974959	
99.324	-0.012317996	
99.328	-0.025859755	
99.332	-0.040357403	
99.336	-0.041472607	
99.34	-0.035418644	
99.344	-0.043065755	
99.348	-0.034781385	
99.352	-0.003555682	
99.356	0.047106428	
99.36	0.108920574	
99.364	0.163087609	
99.368	0.184276479	
99.372	0.114496592	
99.376	0.017473873	
99.38	-0.032391662	
99.384	-0.075406661	
99.388	-0.11842166	
99.392	-0.147098325	
99.396	-0.15155914	
99.4	-0.120014808	
99.404	-0.075884605	
99.408	0.000586503	
99.412	0.080721853	
99.416	0.102388667	
99.42	0.068932557	
99.424	0.009348818	
99.428	-0.003237052	
99.432	0.034679873	
99.436	0.064631057	
99.44	0.069569816	
99.444	0.031015632	
99.448	-0.030161255	
99.452	-0.053102588	
99.456	-0.046252051	
99.46	-0.059315865	
99.464	-0.043225069	
99.468	-0.050234921	
99.472	-0.19760112	
99.476	-0.206044805	
99.48	0.060329557	
99.484	0.269191272	
99.488	0.313958734	
99.492	0.202438367	
99.496	-0.012317996	
99.5	-0.058997236	
99.504	-0.065529143	
99.508	-0.207956583	
99.512	-0.348153615	
99.516	-0.343852115	
99.52	-0.085762124	
99.524	0.323039678	
99.528	0.591325818	
99.532	0.568384485	
99.536	0.309497919	
99.54	-0.046729995	
99.544	-0.308802857	
99.548	-0.375555763	
99.552	-0.28108208	
99.556	-0.114757419	
99.56	-0.075088031	
99.564	-0.136105604	
99.568	-0.112367697	
99.572	0.036432335	
99.576	0.169938146	
99.58	0.167229794	
99.584	0.075305149	
99.588	-0.008016496	
99.592	0.042486298	
99.596	0.043920131	
99.6	-0.082735142	
99.604	-0.030957829	
99.608	0.135207517	
99.612	0.127560407	
99.616	-0.012477311	
99.62	-0.11810303	
99.624	-0.098507308	
99.628	0.053638335	
99.632	0.143810517	
99.636	0.037706854	
99.64	-0.074450772	
99.644	-0.099622512	
99.648	-0.073176254	
99.652	-0.087355272	
99.656	-0.361058115	
99.66	-0.16016214	
99.664	0.568065856	
99.668	0.234938588	
99.672	-0.109659345	
99.676	0.125648629	
99.68	0.031812206	
99.684	-0.144071344	
99.688	-0.110933864	
99.692	-0.071583106	
99.696	-0.036852477	
99.7	-0.008335126	
99.704	-0.024744552	
99.708	-0.010884163	
99.712	0.057621205	
99.716	0.088050334	
99.72	0.047425057	
99.724	0.029900428	
99.728	0.073871316	
99.732	0.062559964	
99.736	-0.012636626	
99.74	-0.050394236	
99.744	-0.057563402	
99.748	-0.034144125	
99.752	0.034361243	
99.756	0.065586946	
99.76	0.010623336	
99.764	-0.062342847	
99.768	-0.097710734	
99.772	-0.098985253	
99.776	-0.078274328	
99.78	-0.031595088	
99.784	-0.008175811	
99.788	-0.015344978	
99.792	0.002020337	
99.796	0.034520558	
99.8	0.050611353	
99.804	0.052045187	
99.808	0.031174947	
99.812	-0.060749699	
99.816	-0.191069213	
99.82	-0.21050562	
99.824	0.274130032	
99.828	0.786645774	
99.832	0.41384912	
99.836	-0.262282933	
99.84	-0.409011873	
99.844	-0.246510767	
99.848	-0.195848657	
99.852	-0.110455919	
99.856	0.107964685	
99.86	0.265367717	
99.864	0.305992993	
99.868	0.123099592	
99.872	-0.153630233	
99.876	-0.173703899	
99.88	-0.126865345	
99.884	-0.146779696	
99.888	-0.161914603	
99.892	-0.044499588	
99.896	0.074508575	
99.9	0.050611353	
99.904	-0.010724848	
99.908	-0.043065755	
99.912	-0.020602366	
99.916	0.056187372	
99.92	0.090121426	
99.924	0.121984388	
99.928	0.139986962	
99.932	0.046787798	
99.936	-0.044180958	
99.94	-0.010724848	
99.944	0.029422484	
99.948	-0.000369386	
99.952	-0.03398481	
99.956	-0.051828069	
99.96	-0.050394236	
99.964	-0.002440478	
99.968	0.01572141	
99.972	-0.027771533	
99.976	-0.062980106	
99.98	-0.081141994	
99.984	-0.060112439	
99.988	-0.01375183	
99.992	0.013013058	
99.996	0.024961669	
100	0.003294855	
100.004	-0.019646478	
100.008	-0.026974959	
100.012	-0.036374533	
100.016	0.006481151	
100.02	0.060966816	
100.024	0.083748834	
100.028	0.102388667	
100.032	0.085341982	
100.036	0.060488872	
100.04	0.047903002	
100.044	0.030378373	
100.048	0.025280299	
100.052	0.006959096	
100.056	-0.031754403	
100.06	-0.069352698	
100.064	-0.097870049	
100.068	-0.094046494	
100.072	-0.074610087	
100.076	-0.049438347	
100.08	-0.008813071	
100.084	0.013013058	
100.088	0.017792503	
100.092	0.027351391	
100.096	0.013968947	
100.1	0.001223762	
100.104	0.021456743	
100.108	0.049974094	
100.112	0.028147965	
100.116	-0.011680737	
100.12	-0.029046051	
100.124	-0.032710292	
