
101.992	-0.004364192
101.996	0.015390845
102	0.047094492
102.004	0.06955788
102.008	0.057768584
102.012	0.027339455
102.016	0.008540308
102.02	-0.018702525
102.024	-0.048653709
102.028	-0.023481969
102.032	0.009177567
102.036	0.00264566
102.04	-0.019180469
102.044	-0.017268691
102.048	-0.020773617
102.052	-0.029535932
102.056	-0.01822458
102.06	-0.027305524
102.064	-0.054229727
102.068	-0.066496968
102.072	-0.048813024
102.076	0.020966863
102.08	0.068920621
102.084	0.056334751
102.088	0.034667937
102.092	0.009336882
102.096	0.013797697
102.1	0.050440103
102.104	0.062229399
102.108	0.041677788
102.112	0.007743734
102.116	-0.006594599
102.12	-0.037820302
102.124	-0.056141505
102.128	-0.008825006
102.132	0.059361732
102.136	0.091861953
102.14	0.013797697
102.144	-0.091828022
102.148	-0.123053725
102.152	-0.077489689
102.156	0.002804975
102.16	0.059361732
102.164	0.075133898
102.168	0.009496197
102.172	-0.04801645
102.176	-0.019817728
102.18	-0.016153488
102.184	-0.009780895
102.188	-0.004682821
102.192	0.016346734
102.196	0.029091918
102.2	0.047094492
102.204	0.030685066
102.208	-0.106962929
102.212	-0.176264871
102.216	-0.071117097
102.22	0.030525752
102.224	0.088994287
102.228	0.09871249
102.232	0.077204991
102.236	0.023037956
102.24	-0.005479395
102.244	-0.00563871
102.248	0.039288066
102.252	0.056494066
102.256	0.011726604
102.26	-0.010418154
102.264	-0.038138931
102.268	-0.060920949
102.272	-0.078126949
102.276	-0.084180911
102.28	-0.023322654
102.284	0.085967305
102.288	0.133124489
102.292	0.046616547
102.296	-0.11030854
102.3	-0.168299131
102.304	-0.097085411
102.308	0.056494066
102.312	0.13248723
102.316	0.086285935
102.32	0.0149129
102.324	0.004876067
102.328	0.038013548
102.332	0.015072215
102.336	-0.004523507
102.34	0.030207122
102.344	0.052511195
102.348	0.020170289
102.352	0.007903049
102.356	-0.00595734
102.36	-0.018861839
102.364	-0.000222007
102.368	-0.028580043
102.372	-0.095492263
102.376	-0.116043873
102.38	-0.049928227
102.384	0.053307769
102.388	0.108271379
102.392	0.104766453
102.396	0.009018252
102.4	-0.076693115
102.404	-0.072710245
102.408	-0.081313245
102.412	-0.108715392
102.416	-0.090234874
102.42	-0.015516228
102.424	0.055378862
102.428	0.130416137
102.432	0.128982304
102.436	0.04406751
102.44	-0.032244283
102.444	-0.052158635
102.448	-0.02220745
102.452	0.030685066
102.456	0.054422973
102.46	0.043270936
102.464	-0.007072543
102.468	-0.072391615
102.472	-0.078604893
102.476	0.021126178
102.48	0.093933046
102.484	0.033393418
102.488	-0.028580043
102.492	0.000893197
102.496	0.056812695
102.5	0.012523178
102.504	-0.024437858
102.508	-0.007869118
102.512	-0.072391615
102.516	-0.183752667
102.52	-0.01854321
102.524	0.1536761
102.528	0.402207203
102.532	0.118467527
102.536	-0.409183123
102.54	-0.331118866
102.544	-0.091190763
102.548	0.105085083
102.552	0.095685509
102.556	0.007903049
102.56	-0.022048136
102.564	-0.048494394
102.568	-0.045148783
102.572	-0.008187747
102.576	0.018736456
102.58	-0.001018581
102.584	0.023356585
102.588	0.081665806
102.592	0.074178009
102.596	0.020329604
102.6	-0.017746636
102.604	0.011089345
102.608	0.071151028
102.612	0.072425547
102.616	0.038969437
102.62	0.004716752
102.624	0.0235159
102.628	0.039606696
102.632	-0.02650895
102.636	-0.097244726
102.64	-0.11891154
102.644	-0.067612171
102.648	0.017143308
102.652	0.063663232
102.656	0.041040529
102.66	-0.010577469
102.664	-0.028420728
102.668	-0.014082395
102.672	-0.020773617
102.676	-0.035749209
102.68	-0.024119228
102.684	-0.026986895
102.688	-0.015356914
102.692	0.006309901
102.696	0.005672641
102.7	0.010133456
102.704	0.018417826
102.708	0.009177567
102.712	0.013957011
102.716	0.022400696
102.72	0.013957011
102.724	0.024790418
102.728	0.040721899
102.732	0.026861511
102.736	-0.01025884
102.74	-0.032722228
102.744	-0.00165584
102.748	0.032915474
102.752	0.048050381
102.756	0.033393418
102.76	-0.000859266
102.764	-0.03479332
102.768	-0.045148783
102.772	-0.057734653
102.776	-0.080038726
102.78	-0.051521375
102.784	-0.028898672
102.788	-0.029854561
102.792	0.024631104
102.796	0.056016121
102.8	0.013479067
102.804	-0.004045562
102.808	-0.049768912
102.812	-0.016790747
102.816	0.106837545
102.82	0.124521489
102.824	0.058087214
102.828	-0.025712376
102.832	-0.038298246
102.836	-0.026668265
102.84	0.005991271
102.844	0.018577141
102.848	-0.046901246
102.852	-0.061876838
102.856	-0.012967191
102.86	0.04470477
102.864	0.053626399
102.868	0.028454659
102.872	-0.008665692
102.876	-0.025234432
102.88	-0.012807877
102.884	-0.001177896
102.888	-0.004682821
102.892	-0.015197599
102.896	-0.033678117
102.9	-0.037501672
102.904	0.00232703
102.908	0.038969437
102.912	0.047891066
102.916	0.011567289
102.92	-0.063947931
102.924	-0.050724801
102.928	0.063185288
102.932	0.121653823
102.936	0.06525638
102.94	-0.029057987
102.944	-0.09405843
102.948	-0.113494836
102.952	-0.084021597
102.956	0.004557438
102.96	0.089790861
102.964	0.077045676
102.968	-0.044830153
102.972	-0.082747078
102.976	-0.011055414
102.98	0.045342029
102.984	0.138222563
102.988	0.170722784
102.992	0.056494066
102.996	-0.139622465
103	-0.245407499
103.004	-0.168299131
103.008	-0.011851988
103.012	0.113050823
103.016	0.09441099
103.02	-0.040369339
103.024	-0.085933374
103.028	-0.006435284
103.032	0.101261527
103.036	0.132009285
103.04	0.119104786
103.044	0.038172862
103.048	-0.021251562
103.052	-0.046423301
103.056	-0.039572765
103.06	0.034667937
103.064	0.08214375
103.068	0.063344602
103.072	-0.001815155
103.076	-0.064744505
103.08	-0.076533801
103.084	-0.084818171
103.088	-0.035908524
103.092	-0.024915802
103.096	-0.051362061
103.1	-0.069842579
103.104	-0.058371912
103.108	0.011885919
103.112	0.074815269
103.116	0.070673084
103.12	0.023993844
103.124	-0.012011303
103.128	-0.019977043
103.132	-0.030173191
103.136	-0.021570191
103.14	-0.003886247
103.144	-0.034474691
103.148	-0.040050709
103.152	0.017780567
103.156	0.06987651
103.16	0.087241824
103.164	0.067327473
103.168	0.03578314
103.172	0.000574567
103.176	-0.021251562
103.18	-0.015197599
103.184	-0.006116655
103.188	0.024949733
103.192	0.051555307
103.196	0.038013548
103.2	0.0106114
103.204	-0.013763765
103.208	-0.007709803
103.212	-0.009780895
103.216	-0.195860593
103.22	-0.036386468
103.224	0.076089787
103.228	0.310441872
103.232	0.21198532
103.236	-0.361547995
103.24	-0.370788254
103.244	-0.182159519
103.248	0.008699623
103.252	0.150808433
103.256	0.17821058
103.26	0.201470542
103.264	0.116237119
103.268	0.018417826
103.272	-0.052158635
103.276	-0.038138931
103.28	-0.00165584
103.284	-0.02682758
103.288	-0.050884116
103.292	-0.023481969
103.296	-0.005160766
103.3	-0.019977043
103.304	-0.000222007
103.308	0.012841808
103.312	-0.003886247
103.316	0.005035382
103.32	0.047572436
103.324	0.047253807
103.328	0.003442234
103.332	-0.032722228
103.336	-0.036067839
103.34	-0.012011303
103.344	-0.001496525
103.348	-0.006753914
103.352	-0.036386468
103.356	-0.051362061
103.36	-0.035908524
103.364	-0.010736784
103.368	0.032756159
103.372	0.041677788
103.376	0.046457233
103.38	0.041040529
103.384	-0.00133721
103.388	-0.050087542
103.392	-0.078126949
103.396	-0.020773617
103.4	0.066212269
103.404	0.074496639
103.408	0.055219547
103.412	0.03180027
103.416	0.003601549
103.42	-0.011214729
103.424	-0.025553061
103.428	-0.045148783
103.432	-0.02714621
103.436	0.021126178
103.44	0.04868764
103.444	0.01523153
103.448	-0.03543058
103.452	-0.054229727
103.456	-0.057575338
103.46	-0.051840005
103.464	-0.014719654
103.468	0.033074789
103.472	0.064937751
103.476	0.067008843
103.48	0.033074789
103.484	0.017621252
103.488	-0.023800599
103.492	-0.061080264
103.496	-0.048175764
103.5	-0.032881543
103.504	-0.015356914
103.508	0.024153159
103.512	0.016824678
103.516	0.026064937
103.52	0.054422973
103.524	0.028613974
103.528	-0.004204877
103.532	-0.021888821
103.536	-0.035589894
103.54	-0.033678117
103.544	-0.011533358
103.548	0.014116326
103.552	0.023993844
103.556	0.017939882
103.56	0.004238808
103.564	0.009974141
103.568	0.015709474
103.572	-0.002293099
103.576	-0.036545783
103.58	-0.021570191
103.584	0.009974141
103.588	0.013638382
103.592	0.007106475
103.596	0.013160437
103.6	0.027020826
103.604	0.036739029
103.608	0.049802844
103.612	0.020966863
103.616	-0.061876838
103.62	-0.109671281
103.624	-0.07717106
103.628	0.002486345
103.632	0.051395992
103.636	0.043748881
103.64	0.012045234
103.644	-0.072391615
103.648	-0.116999762
103.652	-0.072072986
103.656	0.0235159
103.66	0.11559986
103.664	0.153198155
103.668	0.07816088
103.672	-0.013763765
103.676	-0.038616876
103.68	-0.03112908
103.684	0.053148455
103.688	0.107474805
103.692	0.026702196
103.696	-0.13181604
103.7	-0.253373239
103.704	-0.202551815
103.708	-0.027464839
103.712	0.128663674
103.716	0.171041414
103.72	0.082781009
103.724	0.00694716
103.728	-0.015356914
103.732	0.004238808
103.736	0.063185288
103.74	0.078957454
103.744	0.037535603
103.748	-0.007072543
103.752	0.030047807
103.756	0.029888492
103.76	-0.049131653
103.764	-0.084658856
103.768	-0.003089673
103.772	0.035305196
103.776	0.009655512
103.78	-0.028261413
103.784	-0.071276412
103.788	-0.083862282
103.792	-0.055026301
103.796	0.018258511
103.8	0.075611843
103.804	0.045342029
103.808	-0.07318819
103.812	-0.150774502
103.816	-0.109830596
103.82	-0.03112908
103.824	0.076408417
103.828	0.129460248
103.832	0.080550602
103.836	0.072744176
103.84	0.048528325
103.844	0.009655512
103.848	0.0106114
103.852	0.023356585
103.856	0.007265789
103.86	-0.042121802
103.864	-0.052795894
103.868	-0.020454987
103.872	-0.002452414
103.876	-0.015516228
103.88	-0.013445136
103.884	-0.007072543
103.888	-0.025871691
103.892	-0.032084969
103.896	-0.031607024
103.9	-0.008506377
103.904	0.047094492
103.908	0.071947602
103.912	-0.098359929
103.916	0.007425104
103.92	0.183627284
103.924	0.406349388
103.928	0.305981058
103.932	-0.335261052
103.936	-0.439930882
103.94	-0.231228481
103.944	-0.056619449
103.948	0.091543324
103.952	0.136948045
103.956	0.162597729
103.96	0.098075231
103.964	0.021922752
103.968	-0.015197599
103.972	-0.027942784
103.976	-0.00595734
103.98	-0.030491821
103.984	-0.100749652
103.988	-0.094377059
103.992	-0.017905951
103.996	0.039288066
104	0.036261085
104.004	-0.004204877
104.008	-0.036864413
104.012	-0.067930801
104.016	-0.043874265
104.02	0.025427678
104.024	0.073700065
104.028	0.08182512
104.032	0.079594713
104.036	0.020648233
104.04	-0.035589894
104.044	-0.029854561
104.048	0.029729178
104.052	0.071151028
104.056	0.046616547
104.06	0.017621252
104.064	0.009655512
104.068	-0.01822458
104.072	-0.051043431
104.076	-0.047060561
104.08	-0.033200172
104.084	-0.00962158
104.088	0.006150586
104.092	-0.012648562
104.096	-0.044670839
104.1	-0.066815597
104.104	-0.042281116
104.108	0.006309901
104.112	0.041040529
104.116	0.053626399
104.12	0.067168158
104.124	0.061114195
104.128	0.0192144
104.132	-0.029695246
104.136	-0.052955209
104.14	-0.05168069
104.144	-0.016472117
104.148	0.054582288
104.152	0.074655954
104.156	0.027658085
104.16	-0.039572765
104.164	-0.065859708
104.168	-0.044352209
104.172	-0.02650895
104.176	0.006469215
104.18	0.010133456
104.184	-0.026190321
104.188	-0.037183043
104.192	-0.003726932
104.196	0.020010974
104.2	0.006787845
104.204	0.014116326
104.208	0.062070084
104.212	0.097437972
104.216	0.067646102
104.22	-0.005479395
104.224	-0.02650895
104.228	-0.006594599
104.232	-0.018861839
104.236	-0.031766339
104.24	-0.034634006
104.244	-0.048494394
104.248	-0.076374486
104.252	-0.054070412
104.256	0.00264566
104.26	0.053945029
104.264	0.055060232
104.268	0.033074789
104.272	0.004079493
104.276	-0.027305524
104.28	-0.020773617
104.284	0.00662853
104.288	0.013797697
104.292	0.013957011
104.296	0.030207122
104.3	0.053785714
104.304	0.03180027
104.308	-0.019339784
104.312	0.001530456
104.316	0.037854233
104.32	-0.021410876
104.324	-0.080038726
104.328	-0.096926096
104.332	-0.077649004
104.336	0.03610177
104.34	0.113688082
104.344	0.093295787
104.348	-0.020773617
104.352	-0.087845152
104.356	-0.059646431
104.36	-0.024597173
104.364	-0.015356914
104.368	0.002486345
104.372	0.086923194
104.376	0.133602434
104.38	0.051873936
104.384	-0.020614302
104.388	-0.055822875
104.392	-0.024437858
104.396	0.092977157
104.4	0.121335193
104.404	-0.029695246
104.408	-0.217049463
104.412	-0.245566814
104.416	-0.113494836
104.42	0.038969437
104.424	0.091702639
104.428	0.029091918
104.432	-0.074940652
104.436	-0.07318819
104.44	0.075930472
104.444	0.160845266
104.448	0.172793877
104.452	0.10731549
104.456	0.036261085
104.46	-0.020295673
104.464	-0.033040857
104.468	-0.010896099
104.472	0.056494066
104.476	0.035145881
104.48	-0.101546226
104.484	-0.07685243
104.488	0.013957011
104.492	0.066849528
104.496	0.031322326
104.5	-0.082747078
104.504	-0.138985206
104.508	-0.119389484
104.512	-0.01854321
104.516	0.014116326
104.52	-0.040687968
104.524	-0.027783469
104.528	0.004398123
104.532	0.008380993
104.536	0.010133456
104.54	0.037854233
104.544	0.082621694
104.548	0.071788287
104.552	0.033712048
104.556	0.01093003
104.56	0.013479067
104.564	0.038969437
104.568	0.069717195
104.572	0.057131325
104.576	0.016506048
104.58	-0.023959913
104.584	-0.084340226
104.588	-0.118274281
104.592	-0.113176207
104.596	-0.055026301
104.6	0.01555016
104.604	0.034827251
104.608	0.018577141
104.612	0.014275641
104.616	0.007584419
104.62	-0.17753939
104.624	-0.119548799
104.628	0.168492377
104.632	0.397905703
104.636	0.447930553
104.64	-0.140896984
104.644	-0.531218268
104.648	-0.291608794
104.652	-0.080675986
104.656	0.079276083
104.66	0.083736898
104.664	0.078798139
104.668	0.118308212
104.672	0.111139045
104.676	0.075771158
104.68	-0.010099525
104.684	-0.066496968
104.688	-0.103776633
104.692	-0.112220318
104.696	-0.030013876
104.7	0.04438614
104.704	0.056494066
104.708	0.067646102
104.712	0.096322768
104.716	0.088516342
104.72	0.004557438
104.724	-0.049609598
104.728	-0.024756487
104.732	-0.003567618
104.736	-0.004523507
104.74	-0.021729506
104.744	-0.048335079
104.748	-0.045626727
104.752	-0.017905951
104.756	-0.003408303
104.76	0.003282919
104.764	-0.015038284
104.768	-0.027464839
104.772	-0.017428006
104.776	-0.008187747
104.78	-0.006435284
104.784	-0.00165584
104.788	0.011726604
104.792	0.038810122
104.796	0.023993844
104.8	-0.019658413
104.804	-0.044670839
104.808	-0.047060561
104.812	-0.015356914
104.816	-0.004523507
104.82	0.021763437
104.824	0.054741603
104.828	0.034030677
104.832	0.017621252
104.836	0.013797697
104.84	0.020010974
104.844	0.007425104
104.848	-0.013763765
104.852	-0.004045562
104.856	-0.005001451
104.86	0.004876067
104.864	0.04040327
104.868	0.030685066
104.872	0.030047807
104.876	0.04836901
104.88	0.008062363
104.884	-0.05996506
104.888	-0.071754356
104.892	-0.053592468
104.896	-0.037023728
104.9	-0.028102098
104.904	-0.015994173
104.908	-0.001177896
104.912	0.025268363
104.916	0.042155733
104.92	0.016506048
104.924	-0.030013876
104.928	-0.023959913
104.932	0.035464511
104.936	0.041518473
104.94	0.003442234
104.944	-0.000540636
104.948	0.004876067
104.952	0.015868789
104.956	-0.014082395
104.96	-0.069842579
104.964	-0.055344931
104.968	0.029888492
104.972	0.111776305
104.976	0.103969879
104.98	-0.000859266
104.984	-0.093899115
104.988	-0.110467855
104.992	-0.042759061
104.996	0.041040529
105	0.040562585
105.004	0.006309901
105.008	0.010452086
105.012	-0.002133784
105.016	-0.016950062
105.02	0.012682493
105.024	0.055060232
105.028	0.04406751
105.032	-0.000540636
105.036	-0.031925654
105.04	-0.049768912
105.044	-0.055504246
105.048	0.001689771
105.052	0.040881214
105.056	-0.008665692
105.06	-0.024437858
105.064	-0.016312802
105.068	0.000893197
105.072	0.021444807
105.076	0.017939882
105.08	0.028773289
105.084	0.00694716
105.088	-0.006435284
105.092	0.007903049
105.096	-0.012011303
105.1	0.009814826
105.104	0.054900918
105.108	0.05665338
105.112	-0.003408303
105.116	-0.108556077
105.12	-0.144720539
105.124	-0.068090116
105.128	0.047572436
105.132	0.070195139
105.136	0.022241382
105.14	0.018258511
105.144	0.018736456
105.148	-0.012329932
105.152	0.053307769
105.156	0.146666248
105.16	0.085170731
105.164	-0.005320081
105.168	-0.049609598
105.172	-0.057097394
105.176	0.020329604
105.18	0.029729178
105.184	-0.053114523
105.188	-0.137710687
105.192	-0.151571076
105.196	-0.098359929
105.2	-0.036386468
105.204	0.06159214
105.208	0.133443119
105.212	0.134239693
105.216	0.046616547
105.22	-0.015516228
105.224	-0.02252608
105.228	-0.038138931
105.232	-0.045626727
105.236	-0.034156061
105.24	-0.033040857
105.244	-0.037501672
105.248	-0.010896099
105.252	0.00232703
105.256	0.02749877
105.26	0.083258954
105.264	0.08612662
105.268	0.009336882
105.272	-0.047219876
105.276	-0.037342357
105.28	0.009336882
105.284	0.049484214
105.288	0.024790418
105.292	-0.029535932
105.296	-0.053114523
105.3	-0.019180469
105.304	0.009655512
105.308	0.009336882
105.312	0.005672641
105.316	-0.016950062
105.32	0.010770715
105.324	0.001371141
105.328	-0.0851368
105.332	0.043430251
105.336	0.110023842
105.34	0.400773369
105.344	0.31203502
105.348	-0.365052921
105.352	-0.531058953
105.356	-0.241424629
105.36	-0.012329932
105.364	0.102217416
105.368	0.114006712
105.372	0.112891508
105.376	0.067646102
105.38	0.001849086
105.384	-0.001815155
105.388	-0.004364192
105.392	-0.018065265
105.396	0.000733882
105.4	-0.000859266
105.404	0.014116326
105.408	0.055538177
105.412	0.078798139
105.416	0.055219547
105.42	0.023356585
105.424	0.010770715
105.428	0.012363863
105.432	0.013319752
105.436	-0.036545783
105.44	-0.086092689
105.444	-0.096766781
105.448	-0.041006598
105.452	0.019373715
105.456	0.022241382
105.46	-0.044670839
105.464	-0.082906393
105.468	-0.051840005
105.472	-0.034474691
105.476	0.013160437
105.48	0.045501344
105.484	0.053945029
105.488	0.059202417
105.492	0.017621252
105.496	-0.013126506
105.5	0.028613974
105.504	0.073700065
105.508	0.102217416
105.512	0.098393861
105.516	0.018736456
105.52	-0.046741931
105.524	-0.084818171
105.528	-0.114769355
105.532	-0.10632567
105.536	-0.066019023
105.54	-0.020295673
105.544	0.00232703
105.548	0.016346734
105.552	0.03148164
105.556	0.043748881
105.56	0.019055085
105.564	-0.040369339
105.568	-0.06426656
105.572	-0.039254135
105.576	0.018099196
105.58	0.058565158
105.584	0.066371584
105.588	0.038810122
105.592	-0.013126506
105.596	-0.008665692
105.6	0.039925325
105.604	0.110661101
105.608	0.096800712
105.612	-0.003408303
105.616	-0.062832727
105.62	-0.061080264
105.624	-0.052158635
105.628	-0.083543652
105.632	-0.070957782
105.636	-0.025075117
105.64	0.005194697
105.644	0.046138603
105.648	0.071788287
105.652	0.060158306
105.656	0.016187419
105.66	-0.012648562
105.664	-0.007869118
105.668	0.004398123
105.672	-0.007869118
105.676	-0.015356914
105.68	0.022241382
105.684	0.011885919
105.688	-0.051362061
105.692	-0.055504246
105.696	-0.018861839
105.7	-0.006594599
105.704	-0.02284471
105.708	-0.048494394
105.712	-0.037820302
105.716	-0.02714621
105.72	0.007265789
105.724	0.054422973
105.728	0.025905622
105.732	0.024790418
105.736	0.062707343
105.74	0.05665338
105.744	0.027658085
105.748	0.004876067
105.752	0.002486345
105.756	0.018736456
105.76	-0.01424171
105.764	-0.009462266
105.768	-0.02220745
105.772	-0.020295673
105.776	0.065893639
105.78	0.092499213
105.784	0.029569863
105.788	-0.05566356
105.792	-0.09405843
105.796	0.024631104
105.8	0.141408859
105.804	0.085011417
105.808	-0.105529096
105.812	-0.205897426
105.816	-0.170370223
105.82	-0.061080264
105.824	0.03578314
105.828	0.050758732
105.832	-0.038457561
105.836	-0.143605335
105.84	-0.050884116
105.844	0.096482083
105.848	0.173112506
105.852	0.156384451
105.856	0.079116769
105.86	0.022400696
105.864	-0.045467413
105.868	-0.092783911
105.872	-6.26919E-05
105.876	0.078479509
105.88	0.028295344
105.884	0.0192144
105.888	0.056494066
105.892	0.056334751
105.896	0.01124866
105.9	-0.019180469
105.904	-0.00962158
105.908	-0.04371495
105.912	-0.126240021
105.916	-0.178973223
105.92	-0.155076002
105.924	-0.065700393
105.928	0.0321189
105.932	0.104129194
105.936	0.081665806
105.94	0.02319727
105.944	0.025586993
105.948	0.071788287
105.952	0.079913343
105.956	0.057927899
105.96	0.021126178
105.964	-0.023004024
105.968	-0.019817728
105.972	-0.028739358
105.976	-0.056460134
105.98	-0.080357356
105.984	-0.051202746
105.988	0.002486345
105.992	0.033712048
105.996	0.058883788
106	0.038491492
106.004	-0.02252608
106.008	-0.053751783
106.012	-0.097244726
106.016	-0.13548028
106.02	-0.134843021
106.024	0.059361732
106.028	0.313468854
106.032	0.429131406
106.036	0.423714702
106.04	-0.163679001
106.044	-0.510985287
106.048	-0.258630628
106.052	0.029091918
106.056	0.18649495
106.06	-0.050724801
106.064	-0.262294869
106.068	-0.165750094
106.072	0.075133898
106.076	0.28750054
106.08	0.134080378
106.084	-0.083543652
106.088	-0.058531227
106.092	0.00694716
106.096	0.023037956
106.1	0.069717195
106.104	0.097597287
106.108	0.021126178
106.112	-0.077649004
106.116	-0.102183485
106.12	-0.038457561
106.124	0.013957011
106.128	0.004716752
106.132	0.035464511
106.136	0.059361732
106.14	0.007265789
106.144	-0.059646431
106.148	-0.084499541
106.152	-0.037023728
106.156	0.045182714
106.16	0.084214842
106.164	0.077364306
106.168	0.028295344
106.172	-0.011692673
106.176	-0.049450283
106.18	-0.066974912
106.184	-0.04769782
106.188	-0.002930358
106.192	0.02319727
106.196	0.000255938
106.2	-0.032244283
106.204	-0.047060561
106.208	-0.025393747
106.212	0.020648233
106.216	0.076886361
106.22	0.111776305
106.224	0.102854675
106.228	0.040721899
106.232	-0.027464839
106.236	-0.072232301
106.24	-0.086729948
106.244	-0.046423301
106.248	0.008540308
106.252	0.003601549
106.256	-0.022685395
106.26	-0.036067839
106.264	-0.04737919
106.268	-0.053273838
106.272	-0.014878969
106.276	0.022241382
106.28	0.042952307
106.284	0.054582288
106.288	0.053467084
106.292	0.05298914
106.296	0.025905622
106.3	0.001211827
106.304	-0.008665692
106.308	-0.000381321
106.312	-0.005798025
106.316	-0.01854321
106.32	-0.018702525
106.324	-0.020454987
106.328	-0.044989468
106.332	-0.051043431
106.336	0.003123604
106.34	0.05665338
106.344	0.062229399
106.348	0.020648233
106.352	-0.026031006
106.356	-0.061876838
106.36	-0.034952635
106.364	0.0321189
106.368	0.036579714
106.372	0.015072215
106.376	0.005354012
106.38	0.025109048
106.384	0.05729064
106.388	0.06159214
106.392	0.031003696
106.396	-0.033518802
106.4	-0.021410876
106.404	-0.01854321
106.408	-0.116521818
106.412	-0.008187747
106.416	0.061910769
106.42	0.005513326
106.424	-0.008506377
106.428	-0.042759061
106.432	-0.025553061
106.436	-0.003089673
106.44	-0.03543058
106.444	-0.077649004
106.448	-0.078126949
106.452	-0.046104672
106.456	-0.011851988
106.46	-0.013604451
106.464	0.014275641
106.468	0.080709917
106.472	0.086763879
106.476	0.059361732
106.48	0.045979288
106.484	0.092658527
106.488	0.182671395
106.492	0.188088098
106.496	0.041837103
106.5	-0.195541963
106.504	-0.300052479
106.508	-0.211951389
106.512	-0.054070412
106.516	0.043270936
106.52	0.001849086
106.524	-0.063629301
106.528	-0.050246857
106.532	0.019373715
106.536	0.1364701
106.54	0.269975911
106.544	0.243370337
106.548	0.075293213
106.552	-0.043874265
106.556	-0.104891837
106.56	-0.089278985
106.564	-0.058690542
106.568	-0.033518802
106.572	-0.04737919
106.576	-0.070957782
106.58	-0.065541079
106.584	-0.038298246
106.588	0.005354012
106.592	-0.026349635
106.596	-0.044511524
106.6	0.006309901
106.604	0.028454659
106.608	0.036898344
106.612	0.03610177
106.616	0.038491492
106.62	0.063663232
106.624	0.023356585
106.628	-0.021729506
106.632	-0.008347062
106.636	-0.004204877
106.64	0.024631104
106.644	0.016665363
106.648	9.6623E-05
106.652	-0.01392308
106.656	-0.012648562
106.66	0.034827251
106.664	0.051714621
106.668	0.062866658
106.672	0.064937751
106.676	0.033871363
106.68	-0.021410876
106.684	-0.104732522
106.688	-0.141534243
106.692	-0.116203188
106.696	-0.09405843
106.7	-0.067452856
106.704	-0.004523507
106.708	0.085967305
106.712	0.093773731
106.716	-0.178973223
106.72	-0.053911098
106.724	0.210232857
106.728	0.297537373
106.732	0.457011497
106.736	-0.066337653
106.74	-0.497921472
106.744	-0.320922719
106.748	-0.091668707
106.752	0.07752362
106.756	0.102854675
106.76	0.078479509
106.764	0.091543324
106.768	0.038332177
106.772	-0.036705098
106.776	-0.057575338
106.78	-0.02252608
106.784	0.02383453
106.788	0.040881214
106.792	0.032596844
106.796	0.036261085
106.8	0.051077362
106.804	-0.002611729
106.808	-0.026668265
106.812	-0.003248988
106.816	0.020648233
106.82	-0.001815155
106.824	-0.041484542
106.828	-0.037342357
106.832	-0.037979617
106.836	-0.039572765
106.84	-0.00994021
106.844	-0.026349635
106.848	-0.032562913
106.852	0.017621252
106.856	0.036261085
106.86	0.022878641
106.864	0.052511195
106.868	0.067486787
106.872	0.034827251
106.876	-0.016312802
106.88	-0.027624154
106.884	0.004876067
106.888	-0.015834858
106.892	-0.059327801
106.896	-0.05996506
106.9	-0.008665692
106.904	0.019692345
106.908	0.010770715
106.912	0.033552733
106.916	0.023675215
106.92	-0.026349635
106.924	-0.007391173
106.928	0.034667937
106.932	0.010133456
106.936	-0.032881543
106.94	-0.066019023
106.944	-0.049450283
106.948	-0.006116655
106.952	0.025268363
106.956	0.032278215
106.96	0.004079493
106.964	0.02319727
106.968	0.092021268
106.972	0.105722342
106.976	0.046297918
106.98	-0.018383895
106.984	-0.052636579
106.988	-0.044511524
106.992	-0.005001451
106.996	0.032915474
107	0.021444807
107.004	-0.025075117
107.008	-0.009462266
107.012	-0.013763765
107.016	-0.084021597
107.02	-0.108556077
107.024	-0.086252004
107.028	-0.034315376
107.032	0.040243955
107.036	0.078320195
107.04	0.071310343
107.044	0.036898344
107.048	-0.008347062
107.052	-0.04307769
107.056	0.025746307
107.06	0.066849528
107.064	0.064937751
107.068	-0.009462266
107.072	-0.107440874
107.076	-0.117955651
107.08	-0.058531227
107.084	0.079594713
107.088	0.131053397
107.092	0.064619121
107.096	0.010770715
107.1	-0.006435284
107.104	-0.008984321
107.108	-0.029535932
107.112	-0.066019023
107.116	-0.066656282
107.12	-0.033518802
107.124	0.012841808
107.128	0.068442676
107.132	0.097915916
107.136	0.06525638
107.14	0.020966863
107.144	-0.043237005
107.148	-0.066974912
107.152	-0.031607024
107.156	-0.01424171
107.16	-0.061398894
107.164	-0.079082837
107.168	-0.064744505
107.172	-0.016472117
107.176	0.073222121
107.18	0.080391287
107.184	0.127548471
107.188	0.175342914
107.192	0.100146323
107.196	-0.058849857
107.2	-0.222784796
107.204	-0.201277297
107.208	-0.056619449
107.212	0.033871363
107.216	0.083896213
107.22	0.03578314
107.224	-0.042121802
107.228	-0.04307769
107.232	0.110820416
107.236	0.202426431
107.24	0.06923925
107.244	-0.048335079
107.248	-0.089597615
107.252	-0.115406614
107.256	-0.088960356
107.26	0.0106114
107.264	0.146347618
107.268	0.176298803
107.272	0.063822547
107.276	-0.066337653
107.28	-0.087207893
107.284	-0.046582616
107.288	-0.006275969
107.292	-0.008984321
107.296	-0.060920949
107.3	-0.105847726
107.304	-0.102661429
107.308	-0.042440431
107.312	0.02749877
107.316	0.049165584
107.32	0.018577141
107.324	-0.038776191
107.328	-0.02284471
107.332	0.038810122
107.336	0.100942898
107.34	0.10731549
107.344	0.018258511
107.348	-0.086729948
107.352	-0.099793763
107.356	0.008858937
107.36	0.098393861
107.364	0.11591849
107.368	0.087241824
107.372	0.015390845
107.376	-0.064107245
107.38	-0.098837874
107.384	-0.077649004
107.388	-0.03909482
107.392	-0.041484542
107.396	-0.049768912
107.4	-0.025393747
107.404	0.04836901
107.408	0.117511638
107.412	0.02319727
107.416	-0.185345816
107.42	0.003442234
107.424	0.251654708
107.428	0.511975107
107.432	0.377035463
107.436	-0.344182681
107.44	-0.531536897
107.444	-0.269145405
107.448	0.001689771
107.452	0.156065822
107.456	0.113688082
107.46	0.098393861
107.464	0.01953303
107.468	-0.077649004
107.472	-0.098837874
107.476	-0.059805746
107.48	-0.005160766
107.484	-0.01424171
107.488	-0.025712376
107.492	-0.005320081
107.496	-0.00133721
107.5	0.021604122
107.504	0.068124047
107.508	0.112732193
107.512	0.111776305
107.516	0.053945029
107.52	-0.018702525
107.524	-0.062036153
107.528	-0.023959913
107.532	0.034349307
107.536	0.018417826
107.54	-0.03941345
107.544	-0.058849857
107.548	-0.04371495
107.552	-0.002133784
107.556	0.01953303
107.56	0.037057659
107.564	0.021922752
107.568	-0.032084969
107.572	-0.06060232
107.576	-0.018861839
107.58	0.020488919
107.584	-0.004842136
107.588	-0.017268691
107.592	-0.001815155
107.596	0.012363863
107.6	-0.009780895
107.604	-0.03941345
107.608	-0.042281116
107.612	-0.005798025
107.616	0.063981862
107.62	0.067008843
107.624	0.020329604
107.628	-0.004045562
107.632	-0.017746636
107.636	-0.031447709
107.64	-0.034474691
107.644	-0.019977043
107.648	0.018577141
107.652	0.073062806
107.656	0.070035824
107.66	-0.012170617
107.664	-0.06824943
107.668	-0.053592468
107.672	-0.037342357
107.676	-0.012170617
107.68	0.030366437
107.684	0.062388714
107.688	0.045979288
107.692	0.013638382
107.696	0.005831956
107.7	0.026542881
107.704	0.029729178
107.708	-0.016153488
107.712	-0.065063134
107.716	-0.070639153
107.72	-0.015197599
107.724	0.051873936
107.728	0.062388714
107.732	0.045182714
107.736	0.014434956
107.74	-0.038457561
107.744	-0.083225023
107.748	-0.080357356
107.752	-0.049131653
107.756	0.002167715
107.76	0.046616547
107.764	0.041040529
107.768	-0.017428006
107.772	-0.03081045
107.776	0.015390845
107.78	0.049165584
107.784	0.08246238
107.788	0.07354075
107.792	0.017461937
107.796	-0.019339784
107.8	-0.051362061
107.804	-0.070001893
107.808	-0.075099967
107.812	-0.03941345
107.816	0.013319752
107.82	0.04008464
107.824	0.037535603
107.828	0.010452086
107.832	-0.012329932
107.836	-0.045945357
107.84	-0.054070412
107.844	-0.045467413
107.848	0.005831956
107.852	0.08182512
107.856	0.12388423
107.86	0.142046118
107.864	0.047094492
107.868	-0.024437858
107.872	-0.044352209
107.876	-0.056460134
107.88	0.017780567
107.884	0.061432825
107.888	-0.00165584
107.892	-0.116999762
107.896	-0.199206204
107.9	-0.148862724
107.904	-0.009780895
107.908	0.095366879
107.912	0.083258954
107.916	-0.005001451
107.92	-0.033518802
107.924	0.049962158
107.928	0.135354896
107.932	0.132327915
107.936	0.035305196
107.94	-0.040847283
107.944	-0.076533801
107.948	-0.083862282
107.952	-0.042918376
107.956	-0.024119228
107.96	-0.002452414
107.964	-0.012807877
107.968	-0.008187747
107.972	0.003601549
107.976	-0.014082395
107.98	-0.05598219
107.984	-0.01424171
107.988	0.095685509
107.992	0.13248723
107.996	0.1493746
108	0.120697934
108.004	0.052829825
108.008	-0.016631432
108.012	-0.057893968
108.016	-0.100908966
108.02	-0.132293984
108.024	-0.084977485
108.028	-0.051521375
108.032	-0.019817728
108.036	-0.034315376
108.04	-0.099315818
108.044	-0.120504688
108.048	-0.06856806
108.052	0.034827251
108.056	0.098871805
108.06	0.112572879
108.064	0.089790861
108.068	0.057609269
108.072	0.026702196
108.076	0.00296429
108.08	0.000574567
108.084	0.006150586
108.088	0.052511195
108.092	0.07816088
108.096	0.029091918
108.1	-0.035271265
108.104	-0.201755241
108.108	-0.151252446
108.112	0.058724473
108.116	0.206568616
108.12	0.361422611
108.124	0.022082067
108.128	-0.492186139
108.132	-0.397871772
108.136	-0.118274281
108.14	0.097278657
108.144	0.151445692
108.148	0.092977157
108.152	0.042474362
108.156	-0.006435284
108.16	0.016824678
108.164	0.03180027
108.168	0.020807548
108.172	0.028454659
108.176	0.013160437
108.18	-0.032722228
108.184	0.005513326
108.188	0.074496639
108.192	0.08612662
108.196	0.034349307
108.2	-0.027624154
108.204	-0.046263987
108.208	-0.03081045
108.212	-0.024756487
108.216	-0.033996746
108.22	-0.040528654
108.224	-0.054070412
108.228	-0.051043431
108.232	-0.017905951
108.236	0.031003696
108.24	0.049484214
108.244	0.029251233
108.248	0.006469215
108.252	0.005513326
108.256	0.007903049
108.26	0.015390845
108.264	0.027180141
108.268	0.019851659
108.272	-0.013285821
108.276	-0.026349635
108.28	-0.005320081
108.284	0.0321189
108.288	0.024312474
108.292	-0.044511524
108.296	-0.089278985
108.3	-0.056778764
108.304	0.015709474
108.308	0.055378862
108.312	0.04470477
108.316	0.01953303
108.32	-0.00994021
108.324	-0.032084969
108.328	0.002008401
108.332	0.037854233
108.336	0.029251233
108.34	-0.00595734
108.344	-0.037023728
108.348	-0.058690542
108.352	-0.049768912
108.356	-0.011214729
108.36	0.023356585
108.364	0.038172862
108.368	0.028932604
108.372	0.030844381
108.376	0.036898344
108.38	0.040562585
108.384	0.041518473
108.388	0.018099196
108.392	-0.012170617
108.396	-0.057734653
108.4	-0.090553504
108.404	-0.053273838
108.408	0.002804975
108.412	0.04470477
108.416	0.054582288
108.42	0.045979288
108.424	-0.023004024
108.428	-0.075259282
108.432	-0.05996506
108.436	-0.018702525
108.44	0.006309901
108.444	0.047731751
108.448	0.058724473
108.452	0.041677788
108.456	0.016506048
108.46	-0.028102098
108.464	-0.030013876
108.468	-0.026349635
108.472	-0.028739358
108.476	-0.023959913
108.48	0.001371141
108.484	0.035623826
108.488	0.04900627
108.492	0.016346734
108.496	-0.020295673
108.5	-0.029695246
108.504	-0.019658413
108.508	-0.005798025
108.512	-0.048813024
108.516	-0.007231858
108.52	0.052829825
108.524	0.058565158
108.528	0.06525638
108.532	0.006309901
108.536	-0.076374486
108.54	-0.073506819
108.544	-0.020454987
108.548	0.004079493
108.552	0.00662853
108.556	-0.004045562
108.56	0.063344602
108.564	0.184742487
108.568	0.154472674
108.572	-0.036864413
108.576	-0.197294426
108.58	-0.146791632
108.584	0.011885919
108.588	0.095207564
108.592	0.037376288
108.596	-0.100590337
108.6	-0.150615187
108.604	-0.024597173
108.608	0.122131767
108.612	0.135992156
108.616	0.081665806
108.62	-0.004682821
108.624	-0.087845152
108.628	-0.135958225
108.632	-0.091828022
108.636	-0.001496525
108.64	0.047572436
108.644	0.013957011
108.648	-0.038138931
108.652	-0.044033579
108.656	0.016665363
108.66	0.116715064
108.664	0.192867543
108.668	0.148418711
108.672	0.067168158
108.676	0.00662853
108.68	-0.131975354
108.684	-0.21131413
108.688	-0.171007483
108.692	-0.073666134
108.696	0.033871363
108.7	0.061432825
108.704	0.054422973
108.708	0.051714621
108.712	0.076249102
108.716	0.060476936
108.72	-0.020614302
108.724	-0.065700393
108.728	-0.055026301
108.732	-0.004204877
108.736	0.033712048
108.74	0.050121473
108.744	0.038013548
108.748	-0.012489247
108.752	-0.08115393
108.756	-0.09342117
108.76	-0.048494394
108.764	-0.002452414
108.768	0.029569863
108.772	0.018099196
108.776	0.009177567
108.78	0.034667937
108.784	-0.138825891
108.788	-0.006594599
108.792	0.259142504
108.796	0.381655592
108.8	0.529659051
108.804	-0.065541079
108.808	-0.552566452
108.812	-0.370150995
108.816	-0.066815597
108.82	0.083418268
108.824	0.0192144
108.828	-0.139622465
108.832	-0.191081149
108.836	-0.17291926
108.84	-0.012807877
108.844	0.079754028
108.848	0.089153602
108.852	0.123246971
108.856	0.092977157
108.86	0.041040529
108.864	0.021444807
108.868	0.056812695
108.872	0.094251676
108.876	0.114803286
108.88	0.022878641
108.884	-0.037342357
108.888	-0.038298246
108.892	0.004876067
108.896	0.034030677
108.9	-0.007550488
108.904	-0.039891394
108.908	-0.063788616
108.912	-0.047219876
108.916	-0.046901246
108.92	-0.030651135
108.924	-0.013285821
108.928	0.000893197
108.932	0.028932604
108.936	0.043111622
108.94	0.008540308
108.944	-0.054389042
108.948	-0.094217744
108.952	0.007584419
108.956	0.106040971
108.96	0.098234546
108.964	0.033552733
108.968	-0.017587321
108.972	-0.014719654
108.976	-0.022366765
108.98	-0.008187747
108.984	-0.009462266
108.988	-0.027942784
108.992	-0.01392308
108.996	0.03578314
109	-0.003726932
109.004	-0.077649004
109.008	-0.038298246
109.012	0.030685066
109.016	0.043111622
109.02	-0.052317949
109.024	-0.085933374
109.028	-0.06060232
109.032	-0.023322654
109.036	0.039766011
109.04	0.079754028
109.044	0.117830267
109.048	0.093136472
109.052	0.050121473
109.056	0.018258511
109.06	0.003282919
109.064	-0.016790747
109.068	-0.03909482
109.072	-0.048813024
109.076	-0.044989468
109.08	-0.008506377
109.084	0.02749877
109.088	0.028773289
109.092	-0.016153488
109.096	-0.058053283
109.1	-0.077489689
109.104	-0.066974912
109.108	0.007265789
109.112	0.085330046
109.116	0.099349749
109.12	0.04900627
109.124	-0.018861839
109.128	-0.071595041
109.132	-0.067930801
109.136	-0.001496525
109.14	0.059043103
109.144	0.056016121
109.148	0.010452086
109.152	-0.004364192
109.156	-0.033359487
109.16	-0.044033579
109.164	-0.032084969
109.168	-0.053592468
109.172	-0.063788616
109.176	-0.007072543
109.18	0.097756601
109.184	0.122450397
109.188	0.093295787
109.192	0.076886361
109.196	0.011885919
109.2	-0.049450283
109.204	-0.1023428
109.208	-0.101386911
109.212	-0.023481969
109.216	0.050918047
109.22	0.092021268
109.224	0.045819973
109.228	-0.043874265
109.232	-0.078126949
109.236	-0.092624596
109.24	0.005354012
109.244	0.193664117
109.248	0.220429005
109.252	-0.028261413
109.256	-0.311841775
109.26	-0.339881181
109.264	-0.141374928
109.268	0.059680362
109.272	0.122928341
109.276	0.086285935
109.28	-0.007709803
109.284	-0.019499099
109.288	0.10763412
109.292	0.160367322
109.296	0.11958273
109.3	0.054582288
109.304	-0.007391173
109.308	-0.027624154
109.312	-0.011214729
109.316	0.037376288
109.32	0.028136029
109.324	-0.057734653
109.328	-0.09342117
109.332	-0.066974912
109.336	-0.051521375
109.34	-0.037660987
109.344	-0.042440431
109.348	0.068124047
109.352	0.141249544
109.356	0.087879083
109.36	0.049962158
109.364	-0.003567618
109.368	-0.074622023
109.372	-0.123850299
109.376	-0.074940652
109.38	-0.035271265
109.384	-0.050406172
109.388	-0.052158635
109.392	-0.026349635
109.396	0.087241824
109.4	0.141249544
109.404	0.054422973
109.408	-0.010418154
109.412	-0.006116655
109.416	0.079754028
109.42	-0.053911098
109.424	-0.099634448
109.428	0.016983993
109.432	0.002486345
109.436	-0.161129964
109.44	0.10301399
109.444	0.206409302
109.448	-0.036864413
109.452	0.056016121
109.456	0.024153159
109.46	-0.206694
109.464	-0.135161651
109.468	-0.019499099
109.472	0.141408859
109.476	0.135992156
109.48	0.349474001
109.484	0.435503998
109.488	-0.241583943
109.492	-0.56642684
109.496	-0.484061084
109.5	-0.090712819
109.504	0.205134783
109.508	0.269497966
109.512	0.035623826
109.516	-0.109511966
109.52	-0.034952635
109.524	0.062388714
109.528	0.063025973
109.532	-0.096926096
109.536	0.092977157
109.54	0.239546782
109.544	0.132009285
109.548	-0.076055856
109.552	-0.020614302
109.556	0.013638382
109.56	-0.011374043
109.564	0.015709474
109.568	0.0149129
109.572	-0.055822875
109.576	0.002486345
109.58	0.074655954
109.584	0.078957454
109.588	-0.110149225
109.592	-0.08115393
109.596	-0.015197599
109.6	0.057449954
109.604	-0.099315818
109.608	-0.204463593
109.612	0.022241382
109.616	-0.013285821
109.62	-0.122575781
109.624	0.051077362
109.628	0.048209695
109.632	-0.003408303
109.636	-0.019021154
109.64	0.101580157
109.644	0.189999876
109.648	0.050440103
109.652	-0.023641284
109.656	-0.207171945
109.66	0.024790418
109.664	0.348040167
109.668	0.033712048
109.672	-0.333508589
109.676	-0.154438742
109.68	0.049802844
109.684	-0.053592468
109.688	0.317451724
109.692	0.170722784
109.696	-0.163679001
109.7	-0.084021597
109.704	-0.034156061
109.708	-0.171166798
109.712	-0.099156504
109.716	0.319682131
109.72	0.525835495
109.724	0.188566043
109.728	-0.084499541
109.732	-0.329366404
109.736	-0.430690623
109.74	-0.183434038
109.744	-0.044511524
109.748	-0.037979617
109.752	-0.100749652
109.756	0.233014875
109.76	0.10333262
109.764	-0.169095705
109.768	0.074496639
109.772	-0.024278543
109.776	-0.066337653
109.78	0.133921063
109.784	0.000415253
109.788	0.061114195
109.792	0.193026858
109.796	0.037057659
109.8	0.182034136
109.804	0.114006712
109.808	-0.259905147
109.812	-0.097085411
109.816	-0.152845594
109.82	-0.189488001
109.824	0.120379304
109.828	0.061910769
109.832	-0.041962487
109.836	0.047413121
109.84	0.076089787
109.844	-0.004045562
109.848	0.075452528
109.852	0.132646545
109.856	-0.087526522
109.86	-0.194745389
109.864	-0.032881543
109.868	0.150171174
109.872	0.065734325
109.876	-0.050724801
109.88	-0.005320081
109.884	-0.008187747
109.888	-0.057734653
109.892	-0.130700836
109.896	-0.116362503
109.9	0.050599418
109.904	0.143002007
109.908	0.055219547
109.912	-0.129107688
109.916	-0.077330375
109.92	0.130894082
109.924	0.252291967
109.928	0.197965617
109.932	0.073700065
109.936	-0.041643857
109.94	-0.154757372
109.944	-0.203348389
109.948	-0.215137685
109.952	-0.126717966
109.956	-0.020773617
109.96	0.011726604
109.964	0.102854675
109.968	0.213259838
109.972	0.110661101
109.976	0.058724473
109.98	0.038332177
109.984	-0.079401467
109.988	-0.107122244
109.992	-0.061717523
109.996	-0.036705098
110	0.011726604
110.004	0.116715064
110.008	0.066052954
110.012	-0.067930801
110.016	-0.129426317
110.02	-0.027464839
110.024	0.032915474
110.028	0.011885919
110.032	0.068442676
110.036	0.117670953
110.04	0.096163453
110.044	0.035464511
110.048	0.036739029
110.052	-0.035271265
110.056	-0.151889706
110.06	-0.214022481
110.064	-0.234733407
110.068	-0.096448152
110.072	0.110183156
110.076	0.133602434
110.08	0.087241824
110.084	0.054900918
110.088	0.021126178
110.092	-0.004682821
110.096	0.001530456
110.1	0.175502228
110.104	0.164987451
110.108	-0.056619449
110.112	-0.11492867
110.116	-0.078286263
110.12	-0.038298246
110.124	0.060795565
110.128	-0.016631432
110.132	-0.064107245
110.136	-0.065541079
110.14	-0.095970207
110.144	-0.022685395
110.148	0.00694716
110.152	-0.000699951
110.156	-0.149659298
110.16	-0.111583059
110.164	0.156384451
110.168	0.237635004
110.172	0.504487311
110.176	0.233970764
110.18	-0.351033218
110.184	-0.413484623
110.188	-0.225652462
110.192	-0.020295673
110.196	0.088516342
110.2	0.126433267
110.204	0.128026415
110.208	0.035464511
110.212	-0.054229727
110.216	-0.104891837
110.22	-0.127833169
110.224	-0.079082837
110.228	0.046775862
110.232	0.086604565
110.236	0.032756159
110.24	0.058883788
110.244	0.138859822
110.248	0.116237119
110.252	-0.004523507
110.256	-0.078445578
110.26	-0.062514097
110.264	-0.04801645
110.268	-0.060443005
110.272	-0.058849857
110.276	-0.045945357
110.28	-0.027942784
110.284	-0.013126506
110.288	0.006469215
110.292	0.063344602
110.296	0.084692787
110.3	0.016983993
110.304	-0.045308098
110.308	-0.061239579
110.312	-0.041484542
110.316	-0.013285821
110.32	0.008221678
110.324	0.065097065
110.328	0.061432825
110.332	-0.210517556
110.336	-0.411413531
110.34	0.57235542
110.344	0.549254772
110.348	-0.076215171
110.352	0.126911212
110.356	-0.061080264
110.36	-0.133090558
110.364	-0.146473002
110.368	-0.176264871
110.372	-0.150137243
110.376	-0.188691427
110.38	-0.031925654
110.384	0.327329242
110.388	0.028454659
110.392	-0.124965503
110.396	-0.03112908
110.4	-0.026349635
110.404	0.027180141
110.408	0.070035824
110.412	0.166421284
110.416	0.163394303
110.42	0.113847397
110.424	0.096322768
110.428	0.002486345
110.432	-0.121938521
110.436	-0.163519687
110.44	-0.111423744
110.444	-0.057256709
110.448	-0.006435284
110.452	0.030525752
110.456	0.020648233
110.46	-0.027305524
110.464	-0.044989468
110.468	-0.037820302
110.472	-0.059327801
110.476	-0.045786042
110.48	-0.003567618
110.484	0.034349307
110.488	0.060158306
110.492	0.063663232
110.496	0.034349307
110.5	-0.016153488
110.504	-0.02714621
110.508	0.023356585
110.512	0.047413121
110.516	0.011885919
110.52	0.012841808
110.524	0.034349307
110.528	0.035623826
110.532	0.026861511
110.536	-0.004204877
110.54	-0.036067839
110.544	-0.040210024
110.548	-0.023322654
110.552	0.00694716
110.556	-0.038138931
110.56	-0.083862282
110.564	-0.037660987
110.568	0.025427678
110.572	0.027339455
110.576	-0.020932932
110.58	0.00264566
110.584	0.031959585
110.588	-0.002293099
110.592	-0.028739358
110.596	-0.014082395
110.6	0.060476936
110.604	0.101898786
110.608	0.062548028
110.612	0.029091918
110.616	-0.005798025
110.62	-0.020932932
110.624	9.6623E-05
110.628	0.019851659
110.632	-0.039572765
110.636	-0.128470428
110.64	-0.130063577
110.644	-0.079720097
110.648	-0.003886247
110.652	0.048528325
110.656	0.057768584
110.66	-0.003248988
110.664	-0.031766339
110.668	0.031163011
110.672	0.104129194
110.676	0.114643971
110.68	0.071628973
110.684	0.01093003
110.688	-0.037820302
110.692	-0.037023728
110.696	-0.002293099
110.7	0.056494066
110.704	0.0106114
110.708	-0.087207893
110.712	-0.074781338
110.716	-0.009143636
110.72	0.045501344
110.724	0.051395992
110.728	0.022560011
110.732	0.023675215
110.736	0.021763437
110.74	-0.008187747
110.744	-0.071276412
110.748	-0.11062717
110.752	-0.075259282
110.756	0.028295344
110.76	0.089950176
110.764	0.018736456
110.768	-0.059646431
110.772	-0.065381764
110.776	-0.011055414
110.78	0.0278174
110.784	0.026702196
110.788	0.016665363
110.792	0.003920178
110.796	-0.003726932
110.8	-0.015994173
110.804	-0.016153488
110.808	0.015390845
110.812	0.03578314
110.816	0.011407974
110.82	9.6623E-05
110.824	-0.020295673
110.828	-0.029695246
110.832	0.020329604
110.836	0.074815269
110.84	0.072106917
110.844	-0.009780895
110.848	-0.221350963
110.852	-0.268508146
110.856	0.067327473
110.86	0.235563912
110.864	0.514842773
110.868	0.197487672
110.872	-0.433558289
110.876	-0.449011826
110.88	-0.241743258
110.884	0.008062363
110.888	0.173431136
110.892	0.186335636
110.896	0.146666248
110.9	0.044545455
110.904	-0.041484542
110.908	-0.062354782
110.912	-0.028580043
110.916	0.005991271
110.92	-0.055344931
110.924	-0.069842579
110.928	0.015709474
110.932	0.109705212
110.936	0.126273952
110.94	0.013479067
110.944	-0.080994615
110.948	-0.095492263
110.952	-0.049609598
110.956	0.050918047
110.96	0.053148455
110.964	-0.044830153
110.968	-0.089916245
110.972	-0.017905951
110.976	0.084214842
110.98	0.098234546
110.984	0.023037956
110.988	-0.056141505
110.992	-0.086570634
110.996	-0.036705098
111	0.044226825
111.004	0.045660659
111.008	-0.003408303
111.012	-0.050087542
111.016	-0.05199932
111.02	-0.033837432
111.024	-0.00197447
111.028	0.023037956
111.032	0.005035382
111.036	-0.041962487
111.04	-0.028420728
111.044	0.078957454
111.048	0.093933046
111.052	0.034667937
111.056	0.026383567
111.06	0.052033251
111.064	0.089790861
111.068	0.065893639
111.072	-0.037501672
111.076	-0.100112392
111.08	-0.083862282
111.084	-0.028898672
111.088	-0.014401025
111.092	-0.03941345
111.096	-0.040687968
111.1	-0.017587321
111.104	0.005831956
111.108	-0.003567618
111.112	-0.019977043
111.116	-0.028580043
111.12	-0.019339784
111.124	0.013319752
111.128	0.037216974
111.132	0.049643529
111.136	0.034349307
111.14	0.013797697
111.144	0.007584419
111.148	0.029888492
111.152	0.044226825
111.156	0.046297918
111.16	0.033234103
111.164	-0.010896099
111.168	-0.086252004
111.172	-0.105847726
111.176	-0.075737226
111.18	-0.028580043
111.184	0.011407974
111.188	0.033393418
111.192	0.022241382
111.196	0.012045234
111.2	0.04470477
111.204	0.058246529
111.208	0.010292771
111.212	-0.024119228
111.216	0.000893197
111.22	0.027976715
111.224	0.052829825
111.228	0.053467084
111.232	0.038969437
111.236	0.013797697
111.24	-0.029854561
111.244	-0.069683264
111.248	-0.11859291
111.252	-0.092783911
111.256	-0.036386468
111.26	-0.003089673
111.264	0.058565158
111.268	0.063822547
111.272	0.023037956
111.276	-0.030013876
111.28	-0.076693115
111.284	-0.046423301
111.288	0.020488919
111.292	0.075133898
111.296	0.084374157
111.3	0.088038398
111.304	0.096641398
111.308	0.019692345
111.312	-0.086252004
111.316	-0.08147256
111.32	0.017939882
111.324	0.050121473
111.328	-0.040210024
111.332	-0.147269576
111.336	-0.164794205
111.34	-0.054229727
111.344	0.047413121
111.348	0.058246529
111.352	0.034986566
111.356	0.021444807
111.36	0.026542881
111.364	0.009018252
111.368	0.001371141
111.372	-0.010418154
111.376	0.054263658
111.38	0.050758732
111.384	-0.010896099
111.388	-0.002771044
111.392	-0.066496968
111.396	-0.024597173
111.4	0.032596844
111.404	0.076089787
111.408	0.095685509
111.412	0.019692345
111.416	-0.011533358
111.42	0.043589566
111.424	0.058246529
111.428	0.061751454
111.432	0.060476936
111.436	0.005513326
111.44	-0.101864855
111.444	-0.167024612
111.448	-0.168139816
111.452	-0.142012187
111.456	-0.052795894
111.46	0.01124866
111.464	0.005991271
111.468	0.011567289
111.472	0.037216974
111.476	0.036898344
111.48	0.041199844
111.484	0.098393861
111.488	0.110183156
111.492	0.071947602
111.496	0.031640955
111.5	-0.001177896
111.504	-0.047219876
111.508	-0.105847726
111.512	-0.115565929
111.516	-0.069683264
111.52	-0.015994173
111.524	0.009336882
111.528	0.015709474
111.532	0.010292771
111.536	0.071788287
111.54	0.053307769
111.544	-0.072710245
111.548	0.046616547
111.552	0.114166027
111.556	0.381974222
111.56	0.210710801
111.564	-0.423362141
111.568	-0.510188713
111.572	-0.247000647
111.576	-0.027305524
111.58	0.1450731
111.584	0.215649561
111.588	0.201151913
111.592	0.097278657
111.596	0.005672641
111.6	-0.040050709
111.604	-0.06060232
111.608	-0.037820302
111.612	-0.012489247
111.616	0.008062363
111.62	0.030366437
111.624	0.018736456
111.628	-0.00133721
111.632	0.027658085
111.636	0.078320195
111.64	0.089950176
111.644	0.04040327
111.648	-0.042440431
111.652	-0.104891837
111.656	-0.112857577
111.66	-0.082587763
111.664	-0.047538505
111.668	0.006469215
111.672	0.043270936
111.676	0.024312474
111.68	0.006469215
111.684	0.009655512
111.688	0.005831956
111.692	-0.06028369
111.696	-0.093261856
111.7	-0.037820302
111.704	0.05298914
111.708	0.125796008
111.712	0.128026415
111.716	0.068283362
111.72	-0.018065265
111.724	-0.054389042
111.728	-0.040050709
111.732	-0.023163339
111.736	0.013479067
111.74	-0.00962158
111.744	-0.062832727
111.748	-0.047538505
111.752	-0.010099525
111.756	0.020648233
111.76	0.009496197
111.764	-0.013763765
111.768	-0.010577469
111.772	0.005513326
111.776	0.028295344
111.78	0.018099196
111.784	-0.010099525
111.788	-0.040687968
111.792	-0.039732079
111.796	-0.017587321
111.8	0.013957011
111.804	0.04008464
111.808	0.050121473
111.812	0.074496639
111.816	0.076886361
111.82	0.024471789
111.824	-0.021729506
111.828	9.6623E-05
111.832	-0.013126506
111.836	-0.045786042
111.84	-0.056778764
111.844	-0.055344931
111.848	-0.020773617
111.852	0.052192566
111.856	0.088675657
111.86	0.019692345
111.864	-0.053114523
111.868	-0.096448152
111.872	-0.104095263
111.876	-0.041962487
111.88	0.054104343
111.884	0.09472962
111.888	0.051873936
111.892	9.6623E-05
111.896	-0.040528654
111.9	-0.017905951
111.904	0.031640955
111.908	0.063025973
111.912	0.073222121
111.916	0.037535603
111.92	-0.015994173
111.924	-0.040050709
111.928	-0.037820302
111.932	-0.042281116
111.936	-0.01424171
111.94	0.042792992
111.944	0.041199844
111.948	-0.028580043
111.952	-0.098519244
111.956	-0.094695689
111.96	-0.01822458
111.964	0.035145881
111.968	0.050758732
111.972	0.050280788
111.976	0.034986566
111.98	0.026861511
111.984	0.008221678
111.988	-0.03511195
111.992	-0.030013876
111.996	0.000574567
112	0.05298914
112.004	0.10333262
112.008	0.037216974
112.012	-0.078286263
112.016	-0.122257151
112.02	-0.082906393
112.024	-0.015197599
112.028	-0.017587321
112.032	-0.027305524
112.036	-0.010418154
112.04	-0.003408303
112.044	0.026383567
112.048	0.068920621
112.052	0.130734767
112.056	0.156543766
112.06	0.136310785
112.064	0.095526194
112.068	-0.069523949
112.072	-0.196338537
112.076	-0.163360372
112.08	-0.092943226
112.084	-0.049609598
112.088	-0.017268691
112.092	0.031003696
112.096	0.040881214
112.1	-0.004523507
112.104	0.012841808
112.108	0.092339898
112.112	0.133761748
112.116	0.049324899
112.12	-0.160492705
112.124	-0.248912425
112.128	-0.097085411
112.132	0.060636251
112.136	0.124680804
112.14	0.079913343
112.144	0.030207122
112.148	0.012841808
112.152	-0.030332506
112.156	-0.062036153
112.16	-0.044511524
112.164	0.009018252
112.168	0.039925325
112.172	0.057449954
112.176	0.09441099
112.18	0.076408417
112.184	-0.01854321
112.188	-0.070639153
112.192	-0.073825449
112.196	-0.01025884
112.2	0.067168158
112.204	0.103810564
112.208	0.058246529
112.212	-0.034315376
112.216	-0.088323096
112.22	-0.1023428
112.224	-0.231069166
112.228	-0.101546226
112.232	0.183467969
112.236	0.297696688
112.24	0.432477017
112.244	-0.003886247
112.248	-0.353263625
112.252	-0.212907278
112.256	-0.062354782
112.26	0.021285493
112.264	-0.00962158
112.268	-0.081950504
112.272	-0.086411319
112.276	-0.042281116
112.28	0.029569863
112.284	0.088834972
112.288	0.121653823
112.292	0.110979731
112.296	0.064459806
112.3	0.042155733
112.304	0.011726604
112.308	-0.003408303
112.312	-0.029057987
112.316	-0.042281116
112.32	-0.024756487
112.324	0.028136029
112.328	0.049643529
112.332	0.007584419
112.336	-0.061558208
112.34	-0.061239579
112.344	-0.009302951
112.348	-0.006913229
112.352	-0.050565487
112.356	-0.076693115
112.36	-0.076215171
112.364	-0.011214729
112.368	0.078479509
112.372	0.089790861
112.376	0.057449954
112.38	0.009018252
112.384	-0.038776191
112.388	-0.076533801
112.392	-0.052955209
112.396	0.040562585
112.4	0.107793434
112.404	0.108749323
112.408	0.056334751
112.412	-0.002771044
112.416	-0.062992042
112.42	-0.058690542
112.424	0.001530456
112.428	-0.012967191
112.432	-0.034952635
112.436	-0.021570191
112.44	-0.008187747
112.444	-0.020295673
112.448	-0.04737919
112.452	-0.008187747
112.456	0.031959585
112.46	0.001530456
112.464	-0.041643857
112.468	-0.044830153
112.472	-0.010896099
112.476	-0.005001451
112.48	-0.003567618
112.484	0.0278174
112.488	0.034030677
112.492	0.030207122
112.496	0.066690213
112.5	0.102217416
112.504	0.116237119
112.508	0.084533472
112.512	0.017621252
112.516	-0.04737919
112.52	-0.095332948
112.524	-0.087526522
112.528	-0.026986895
112.532	0.025746307
112.536	0.009974141
112.54	-0.073825449
112.544	-0.132134669
112.548	-0.069205319
112.552	-0.009302951
112.556	-0.008665692
112.56	-0.021251562
112.564	-0.000222007
112.568	0.046297918
112.572	0.060158306
112.576	0.06127351
112.58	0.055697492
112.584	0.054741603
112.588	0.055856806
112.592	0.05267051
112.596	0.001530456
112.6	-0.057575338
112.604	-0.069364634
112.608	-0.013604451
112.612	0.053148455
112.616	0.009018252
112.62	-0.053273838
112.624	-0.029535932
112.628	-0.002133784
112.632	0.032915474
112.636	0.022560011
112.64	-0.068090116
112.644	-0.083384337
112.648	-0.031447709
112.652	0.027976715
112.656	0.05267051
112.66	0.064778436
112.664	0.035464511
112.668	-0.013604451
112.672	0.016824678
112.676	0.066052954
112.68	0.054422973
112.684	0.011407974
112.688	-0.072391615
112.692	-0.14774752
112.696	-0.135161651
112.7	-0.031447709
112.704	0.05665338
112.708	0.04868764
112.712	-0.059168486
112.716	-0.096288837
112.72	-0.008347062
112.724	0.070991713
112.728	0.128345045
112.732	0.138859822
112.736	0.078320195
112.74	0.018736456
112.744	-0.012648562
112.748	-0.027942784
112.752	0.003601549
112.756	0.015868789
112.76	-0.035271265
112.764	-0.053433153
112.768	-0.013126506
112.772	-0.001815155
112.776	-0.019658413
112.78	0.000255938
112.784	0.077045676
112.788	0.071788287
112.792	-0.038138931
112.796	-0.10202417
112.8	-0.086252004
112.804	-0.049928227
112.808	-0.033837432
112.812	-0.033359487
112.816	-0.007869118
112.82	-0.006435284
112.824	-0.045945357
112.828	-0.031925654
112.832	0.028454659
112.836	0.066690213
112.84	0.053307769
112.844	0.012682493
112.848	-0.001018581
112.852	0.028454659
112.856	0.076727046
112.86	0.098075231
112.864	0.084852102
112.868	0.036579714
112.872	-0.016153488
112.876	-0.015516228
112.88	-0.015356914
112.884	-0.040528654
112.888	-0.055344931
112.892	-0.081313245
112.896	-0.10202417
112.9	-0.260861035
112.904	-0.183274723
112.908	0.156703081
112.912	0.235723227
112.916	0.551485179
112.92	0.275233299
112.924	-0.318373682
112.928	-0.381621661
112.932	-0.229794647
112.936	-0.12687728
112.94	-0.083702967
112.944	0.001052512
112.948	0.084692787
112.952	0.125318063
112.956	0.094251676
112.96	0.008062363
112.964	-0.065381764
112.968	-0.096766781
112.972	-0.061717523
112.976	0.013001123
112.98	0.06159214
112.984	0.095366879
112.988	0.108112064
112.992	0.110183156
112.996	0.121494508
113	0.079116769
113.004	0.006787845
113.008	-0.019977043
113.012	-0.029057987
113.016	-0.047857135
113.02	-0.050406172
113.024	-0.038138931
113.028	-0.049928227
113.032	-0.087367208
113.036	-0.091350078
113.04	-0.069842579
113.044	-0.071117097
113.048	-0.070161208
113.052	-0.027305524
113.056	0.038810122
113.06	0.054263658
113.064	0.039925325
113.068	0.032915474
113.072	0.027339455
113.076	0.046138603
113.08	0.072744176
113.084	0.059680362
113.088	0.057449954
113.092	0.029729178
113.096	-0.004045562
113.1	-0.010736784
113.104	-0.030969765
113.108	-0.04307769
113.112	-0.049450283
113.116	-0.041643857
113.12	0.005354012
113.124	0.02383453
113.128	-0.012489247
113.132	-0.054229727
113.136	-0.078604893
113.14	-0.036227154
113.144	0.05267051
113.148	0.123406286
113.152	0.135832841
113.156	0.085330046
113.16	0.020010974
113.164	-0.02220745
113.168	-0.044511524
113.172	-0.045626727
113.176	-0.024756487
113.18	-0.03112908
113.184	-0.065381764
113.188	-0.059646431
113.192	-0.020454987
113.196	-0.01392308
113.2	-0.023800599
113.204	-0.015197599
113.208	0.016187419
113.212	0.01953303
113.216	0.028136029
113.22	0.032915474
113.224	0.021922752
113.228	0.033393418
113.232	0.055697492
113.236	0.064778436
113.24	-0.041165913
113.244	-0.107759503
113.248	-0.078604893
113.252	-0.009302951
113.256	0.067964732
113.26	0.091702639
113.264	0.093933046
113.268	0.068761306
113.272	-0.015834858
113.276	-0.112220318
113.28	-0.148225465
113.284	-0.140578354
113.288	-0.081950504
113.292	0.021285493
113.296	0.115121916
113.3	0.132646545
113.304	0.086604565
113.308	0.030047807
113.312	-0.103776633
113.316	-0.212270018
113.32	0.120219989
113.324	0.275073985
113.328	0.017143308
113.332	-6.26919E-05
113.336	-0.008825006
113.34	-0.064744505
113.344	-0.077011745
113.348	-0.04371495
113.352	-0.00165584
113.356	-0.004682821
113.36	-0.049450283
113.364	-0.137073428
113.368	-0.139941095
113.372	-0.063947931
113.376	0.049962158
113.38	0.125636693
113.384	0.139975026
113.388	0.071628973
113.392	0.013160437
113.396	0.021126178
113.4	0.024790418
113.404	0.034667937
113.408	-0.016790747
113.412	-0.051840005
113.416	-0.036705098
113.42	-0.020454987
113.424	0.050599418
113.428	0.096960027
113.432	0.095844824
113.436	0.065415695
113.44	-0.012967191
113.444	-0.065700393
113.448	-0.109352651
113.452	-0.084180911
113.456	-0.026190321
113.46	0.004716752
113.464	-0.021410876
113.468	-0.021729506
113.472	0.014434956
113.476	0.007903049
113.48	-0.002293099
113.484	-0.021570191
113.488	-0.061239579
113.492	-0.051521375
113.496	0.001530456
113.5	0.070035824
113.504	0.121175878
113.508	0.11990136
113.512	0.059998991
113.516	-0.049450283
113.52	-0.150296557
113.524	-0.154438742
113.528	-0.075896541
113.532	0.027020826
113.536	0.060158306
113.54	0.033552733
113.544	0.042315048
113.548	0.076089787
113.552	0.063663232
113.556	0.04040327
113.56	-0.005001451
113.564	-0.036067839
113.568	-0.013604451
113.572	0.033712048
113.576	-0.00563871
113.58	-0.254010499
113.584	-0.078923523
113.588	0.188406728
113.592	0.455418349
113.596	0.307255576
113.6	-0.345297885
113.604	-0.461916325
113.608	-0.234574092
113.612	-0.021410876
113.616	0.160367322
113.62	0.223296671
113.624	0.19939945
113.628	0.054422973
113.632	-0.060761634
113.636	-0.086411319
113.64	-0.079720097
113.644	-0.058690542
113.648	-0.050724801
113.652	-0.001177896
113.656	0.074974584
113.66	0.081347176
113.664	0.052351881
113.668	0.030047807
113.672	0.004238808
113.676	-0.01854321
113.68	-0.016950062
113.684	0.014753585
113.688	0.011567289
113.692	-0.00165584
113.696	0.012204548
113.7	-0.024119228
113.704	-0.092465281
113.708	-0.098519244
113.712	-0.056460134
113.716	0.018577141
113.72	0.069398565
113.724	0.067486787
113.728	0.012204548
113.732	-0.04769782
113.736	-0.087048578
113.74	-0.057256709
113.744	0.013957011
113.748	0.047413121
113.752	0.04868764
113.756	0.033234103
113.76	0.05665338
113.764	0.07385938
113.768	0.035464511
113.772	-0.004842136
113.776	-0.045945357
113.78	-0.077649004
113.784	-0.073506819
113.788	-0.033359487
113.792	0.028295344
113.796	0.062707343
113.8	0.036739029
113.804	0.016983993
113.808	0.020648233
113.812	-0.043555635
113.816	-0.077967634
113.82	0.004876067
113.824	0.091384009
113.828	0.074974584
113.832	-0.007391173
113.836	-0.067612171
113.84	-0.064107245
113.844	0.00694716
113.848	0.021763437
113.852	0.011567289
113.856	0.006150586
113.86	-0.027624154
113.864	-0.025553061
113.868	-0.017587321
113.872	-0.015356914
113.876	-0.001018581
113.88	0.025427678
113.884	0.055378862
113.888	0.040881214
113.892	-0.001018581
113.896	-0.025234432
113.9	-0.03543058
113.904	-0.034156061
113.908	-0.016790747
113.912	-0.01424171
113.916	0.018099196
113.92	0.030207122
113.924	0.007265789
113.928	0.008699623
113.932	0.027339455
113.936	-0.008187747
113.94	-0.051043431
113.944	-0.039732079
113.948	-0.00197447
113.952	0.05729064
113.956	0.096482083
113.96	0.041677788
113.964	-0.02252608
113.968	-0.005479395
113.972	-0.025234432
113.976	-0.058531227
113.98	-0.033996746
113.984	-0.025871691
113.988	-0.025712376
113.992	-0.05168069
113.996	-0.04339632
114	0.071469658
114.004	0.138222563
114.008	0.083099639
114.012	-0.007231858
114.016	-0.034156061
114.02	0.07784225
114.024	0.139019137
114.028	0.053945029
114.032	-0.071276412
114.036	-0.230431907
114.04	-0.16033339
114.044	-0.127673854
114.048	-0.189965945
114.052	0.011726604
114.056	0.192070969
114.06	0.018895771
114.064	0.055219547
114.068	0.206249987
114.072	0.013957011
114.076	0.305821743
114.08	0.346447019
114.084	0.024153159
114.088	-0.183911982
114.092	-0.42065379
114.096	-0.207968519
114.1	0.04470477
114.104	-0.124806188
114.108	-0.16925502
114.112	-0.0851368
114.116	-0.030651135
114.12	0.015072215
114.124	0.078798139
114.128	0.122609712
114.132	0.096004138
114.136	0.167695803
114.14	0.13248723
114.144	-0.252576665
114.148	-0.015834858
114.152	0.382611481
114.156	0.158774173
114.16	-0.130063577
114.164	-0.182318834
114.168	-0.006913229
114.172	-0.012170617
114.176	-0.061080264
114.18	-0.046901246
114.184	-0.025712376
114.188	-0.015834858
114.192	0.004079493
114.196	0.018417826
114.2	0.043908196
114.204	0.063185288
114.208	0.016187419
114.212	-0.002133784
114.216	0.02383453
114.22	0.053626399
114.224	0.055538177
114.228	-0.013126506
114.232	-0.092465281
114.236	-0.084180911
114.24	-0.04339632
114.244	-0.029695246
114.248	-0.234414777
114.252	-0.154757372
114.256	0.194142061
114.26	0.459401219
114.264	0.431361813
114.268	-0.217527407
114.272	-0.483423825
114.276	-0.252098721
114.28	0.011089345
114.284	0.229350634
114.288	0.18713221
114.292	0.114962601
114.296	0.097915916
114.3	0.045182714
114.304	-0.007709803
114.308	-0.046104672
114.312	-0.086889263
114.316	-0.110149225
114.32	-0.114769355
114.324	-0.080516671
114.328	-0.04371495
114.332	0.010133456
114.336	0.058724473
114.34	0.045342029
114.344	0.0149129
114.348	-0.009143636
114.352	0.007584419
114.356	0.055538177
114.36	0.081187861
114.364	0.078798139
114.368	0.051555307
114.372	0.02383453
114.376	0.010770715
114.38	0.009177567
114.384	0.006469215
114.388	-0.037660987
114.392	-0.079082837
114.396	-0.070639153
114.4	-0.042440431
114.404	-0.004204877
114.408	0.007743734
114.412	0.033234103
114.416	0.045819973
114.42	-0.001815155
114.424	-0.011533358
114.428	-0.00133721
114.432	-0.073028875
114.436	-0.070320523
114.44	-0.03081045
114.444	0.0192144
114.448	0.035942455
114.452	-0.002452414
114.456	-0.010736784
114.46	0.025905622
114.464	0.032596844
114.468	-0.017587321
114.472	-0.070320523
114.476	-0.075896541
114.48	-0.020932932
114.484	-0.001815155
114.488	-0.015994173
114.492	0.026702196
114.496	0.090906065
114.5	0.137107359
114.504	0.130416137
114.508	0.097437972
114.512	0.022560011
114.516	-0.08115393
114.52	-0.081950504
114.524	-0.04737919
114.528	-0.013763765
114.532	0.01953303
114.536	0.042633677
114.54	0.030525752
114.544	-0.02284471
114.548	-0.049131653
114.552	-0.044033579
114.556	-0.038298246
114.56	-0.063151357
114.564	-0.079720097
114.568	-0.027783469
114.572	0.021285493
114.576	0.055856806
114.58	0.066212269
114.584	0.050440103
114.588	0.007106475
114.592	-0.019021154
114.596	-0.004842136
114.6	-0.001815155
114.604	-0.023004024
114.608	-0.076215171
114.612	-0.073984764
114.616	-0.016790747
114.62	0.019373715
114.624	0.030525752
114.628	0.024153159
114.632	-0.007550488
114.636	-0.00133721
114.64	0.095207564
114.644	0.128822989
114.648	0.0192144
114.652	-0.100590337
114.656	-0.127673854
114.66	-0.057256709
114.664	0.067646102
114.668	0.11559986
114.672	0.113050823
114.676	0.073062806
114.68	0.008380993
114.684	-0.043874265
114.688	-0.070479838
114.692	-0.04371495
114.696	0.054741603
114.7	0.124999434
114.704	0.06955788
114.708	-0.073984764
114.712	-0.2023925
114.716	-0.178495279
114.72	-0.049450283
114.724	0.042474362
114.728	0.032596844
114.732	-0.057097394
114.736	-0.094536374
114.74	0.016187419
114.744	0.141568174
114.748	0.215649561
114.752	0.200196024
114.756	0.064141176
114.76	-0.061876838
114.764	-0.131656725
114.768	-0.139303836
114.772	-0.064744505
114.776	0.004398123
114.78	0.017621252
114.784	-0.014082395
114.788	-0.101068281
114.792	-0.081631874
114.796	-0.02650895
114.8	0.027180141
114.804	0.101420842
114.808	0.124840119
114.812	0.108271379
114.816	0.001530456
114.82	-0.100749652
114.824	-0.074940652
114.828	-0.025393747
114.832	-0.030969765
114.836	-0.054866986
114.84	-0.06824943
114.844	-0.002452414
114.848	0.066530899
114.852	0.098075231
114.856	0.11161699
114.86	0.051873936
114.864	-0.024915802
114.868	-0.026986895
114.872	0.009336882
114.876	0.005035382
114.88	-0.012011303
114.884	-0.044989468
114.888	-0.037820302
114.892	-0.006435284
114.896	0.002008401
114.9	0.010133456
114.904	-0.009462266
114.908	-0.008825006
114.912	0.04008464
114.916	0.090906065
114.92	-0.124168929
114.924	-0.127355225
114.928	0.062548028
114.932	0.351545093
114.936	0.445700146
114.94	-0.180247742
114.944	-0.527076082
114.948	-0.278067035
114.952	-0.066178338
114.956	0.072903491
114.96	0.110023842
114.964	0.17422771
114.968	0.167058544
114.972	0.04040327
114.976	-0.047060561
114.98	-0.108396762
114.984	-0.113972781
114.988	-0.063310671
114.992	-0.003089673
114.996	0.043748881
115	0.075611843
115.004	0.059680362
115.008	0.025586993
115.012	0.030366437
115.016	0.053785714
115.02	0.033074789
115.024	-0.005320081
115.028	0.037057659
115.032	0.091543324
115.036	0.064778436
115.04	-0.014401025
115.044	-0.089278985
115.048	-0.131338095
115.052	-0.136595484
115.056	-0.124646873
115.06	-0.105051151
115.064	-0.051362061
115.068	0.005672641
115.072	0.045342029
115.076	0.075133898
115.08	0.119423415
115.084	0.101739472
115.088	0.012682493
115.092	-0.032244283
115.096	-0.002611729
115.1	0.034827251
115.104	0.035145881
115.108	0.016983993
115.112	-0.042599746
115.116	-0.069364634
115.12	-0.053433153
115.124	-0.01424171
115.128	0.025905622
115.132	0.012204548
115.136	-0.010736784
115.14	-0.000222007
115.144	0.032596844
115.148	0.053785714
115.152	0.067964732
115.156	0.035623826
115.16	-0.001018581
115.164	-0.038457561
115.168	-0.057097394
115.172	-0.036227154
115.176	-0.006913229
115.18	0.012045234
115.184	0.002167715
115.188	-0.021251562
115.192	0.006150586
115.196	0.044864084
115.2	0.049802844
115.204	-6.26919E-05
115.208	-0.075259282
115.212	-0.095014318
115.216	-0.048972338
115.22	-0.030013876
115.224	-0.028898672
115.228	-0.01025884
115.232	0.026224252
115.236	0.080391287
115.24	0.086763879
115.244	0.056812695
115.248	0.013319752
115.252	-0.004523507
115.256	0.026542881
115.26	0.024949733
115.264	-0.015356914
115.268	-0.042759061
115.272	-0.033678117
115.276	-0.032244283
115.28	-0.042599746
115.284	-0.012967191
115.288	0.03148164
115.292	0.045819973
115.296	-0.011374043
115.3	-0.056619449
115.304	-0.026349635
115.308	-0.023641284
115.312	-0.019021154
115.316	0.033393418
115.32	0.07752362
115.324	0.108430694
115.328	0.08644525
115.332	0.025586993
115.336	-0.009780895
115.34	-0.015675543
115.344	-0.013126506
115.348	-0.003567618
115.352	-0.063151357
115.356	-0.076533801
115.36	-0.000859266
115.364	0.043589566
115.368	0.01523153
115.372	-0.064744505
115.376	-0.129107688
115.38	-0.120982632
115.384	-0.06060232
115.388	-0.044989468
115.392	-0.047538505
115.396	-0.026349635
115.4	0.025586993
115.404	0.116237119
115.408	0.205294098
115.412	0.226482968
115.416	0.165784025
115.42	0.058246529
115.424	-0.030332506
115.428	-0.034156061
115.432	0.008221678
115.436	-0.161607909
115.44	0.179325784
115.444	0.148259396
115.448	-0.412210105
115.452	-0.288581812
115.456	-0.074781338
115.46	0.033552733
115.464	0.200833283
115.468	-0.006753914
115.472	-0.138507262
115.476	-0.081950504
115.48	-0.054707672
115.484	0.053467084
115.488	0.109864527
115.492	0.079913343
115.496	0.07385938
115.5	0.123246971
115.504	0.072584861
115.508	-0.030491821
115.512	-0.088004467
115.516	-0.070161208
115.52	-0.028898672
115.524	0.007743734
115.528	-0.001018581
115.532	-0.028420728
115.536	0.006787845
115.54	0.040243955
115.544	0.042792992
115.548	0.016028104
115.552	-0.013763765
115.556	-0.002611729
115.56	-0.013604451
115.564	-0.019021154
115.568	-0.00133721
115.572	0.015390845
115.576	0.065415695
115.58	-0.155394631
115.584	-0.220076444
115.588	0.038810122
115.592	0.175342914
115.596	0.449523701
115.6	0.033393418
115.604	-0.535519767
115.608	-0.381780976
115.612	-0.099475133
115.616	0.077204991
115.62	0.120697934
115.624	0.108749323
115.628	0.069717195
115.632	0.014434956
115.636	0.034189992
115.64	0.039447381
115.644	0.029888492
115.648	0.031959585
115.652	0.049802844
115.656	0.088197713
115.66	0.10301399
115.664	0.135036267
115.668	0.146825563
115.672	0.067646102
115.676	-0.04801645
115.68	-0.109830596
115.684	-0.272809646
115.688	-0.167980501
115.692	0.073222121
115.696	0.020966863
115.7	-0.137551373
115.704	-0.188532112
115.708	-0.24015011
115.712	-0.051362061
115.716	0.173590451
115.72	0.164509507
115.724	0.045979288
115.728	-0.077967634
115.732	0.092339898
115.736	0.138063248
115.74	0.033871363
115.744	-0.054707672
115.748	-0.088323096
115.752	-0.048653709
115.756	-0.014401025
115.76	0.007584419
115.764	-0.011692673
115.768	-0.00595734
115.772	0.0321189
115.776	0.042792992
115.78	0.031959585
115.784	0.010452086
115.788	-0.009780895
115.792	-0.007869118
115.796	0.033552733
115.8	0.042633677
115.804	0.01953303
115.808	0.012841808
115.812	-0.014719654
115.816	-0.026031006
115.82	-0.005479395
115.824	0.036579714
115.828	0.079116769
115.832	0.060317621
115.836	-0.005320081
115.84	-0.086092689
115.844	-0.102820744
115.848	-0.058371912
115.852	-0.010099525
115.856	-0.003248988
115.86	-0.027464839
115.864	-0.051202746
115.868	-0.029695246
115.872	0.037854233
115.876	0.117511638
115.88	0.15734034
115.884	0.131372026
115.888	0.033074789
115.892	-0.08147256
115.896	-0.113335522
115.9	-0.070001893
115.904	-0.020454987
115.908	0.008540308
115.912	0.034349307
115.916	0.037376288
115.92	-0.000859266
115.924	-0.03112908
115.928	-0.067452856
115.932	-0.087685837
115.936	-0.066974912
115.94	-0.051362061
115.944	-0.041803172
115.948	-0.01424171
115.952	0.029569863
115.956	0.097597287
115.96	0.143161322
115.964	0.135673526
115.968	0.053148455
115.972	-0.049768912
115.976	-0.086092689
115.98	-0.072391615
115.984	-0.00962158
115.988	0.022082067
115.992	0.037694918
115.996	0.060636251
116	0.070513769
116.004	0.056494066
116.008	-0.044511524
116.012	-0.088641726
116.016	-0.008984321
116.02	0.048050381
116.024	0.009814826
116.028	-0.122735095
116.032	-0.208446463
116.036	-0.14408328
116.04	-0.005320081
116.044	0.108271379
116.048	0.147144192
116.052	0.139656396
116.056	0.0364204
116.06	-0.067293542
116.064	-0.071276412
116.068	-0.028580043
116.072	0.042952307
116.076	0.087401139
116.08	0.050599418
116.084	0.019851659
116.088	-0.024915802
116.092	0.013479067
116.096	0.109705212
116.1	0.105085083
116.104	-0.011055414
116.108	-0.157625039
116.112	-0.174034464
116.116	-0.109830596
116.12	-0.010896099
116.124	0.071151028
116.128	0.044545455
116.132	-0.025712376
116.136	-0.04307769
116.14	-0.074462708
116.144	-0.084499541
116.148	0.005991271
116.152	0.089153602
116.156	0.104766453
116.16	0.078320195
116.164	0.034667937
116.168	-0.016312802
116.172	-0.060761634
116.176	-0.077489689
116.18	-0.011692673
116.184	0.046457233
116.188	0.038013548
116.192	0.010452086
116.196	0.004398123
116.2	0.006150586
116.204	0.010292771
116.208	0.032596844
116.212	0.033712048
116.216	0.008380993
116.22	-0.010577469
116.224	0.020488919
116.228	0.041518473
116.232	-0.03909482
116.236	-0.081950504
116.24	-0.058531227
116.244	-0.219439185
116.248	0.027020826
116.252	0.260417022
116.256	0.48855583
116.26	0.368432463
116.264	-0.375567698
116.268	-0.552566452
116.272	-0.285236201
116.276	-0.055344931
116.28	0.064937751
116.284	0.119423415
116.288	0.166899229
116.292	0.113050823
116.296	0.034189992
116.3	0.031163011
116.304	0.02319727
116.308	-0.006594599
116.312	0.00694716
116.316	0.024631104
116.32	0.025268363
116.324	0.031003696
116.328	0.056175436
116.332	0.045182714
116.336	-0.035749209
116.34	-0.113972781
116.344	-0.124965503
116.348	-0.073825449
116.352	-0.018383895
116.356	0.008221678
116.36	-0.004045562
116.364	-0.019658413
116.368	0.012363863
116.372	0.040881214
116.376	0.035145881
116.38	0.026224252
116.384	0.029251233
116.388	0.011407974
116.392	9.6623E-05
116.396	-0.00165584
116.4	-0.007072543
116.404	0.017461937
116.408	0.069717195
116.412	0.092817842
116.416	-0.003726932
116.42	-0.088323096
116.424	-0.047857135
116.428	-0.008665692
116.432	-0.034156061
116.436	-0.087367208
116.44	-0.079242152
116.444	-6.26919E-05
116.448	0.041040529
116.452	0.028136029
116.456	0.014753585
116.46	0.041199844
116.464	0.067486787
116.468	0.037535603
116.472	-0.019817728
116.476	-0.019658413
116.48	0.018895771
116.484	0.008699623
116.488	-0.005160766
116.492	-0.032084969
116.496	-0.047857135
116.5	0.01124866
116.504	0.089153602
116.508	0.050280788
116.512	-0.062514097
116.516	-0.0851368
116.52	-0.054548357
116.524	-0.023959913
116.528	-0.009780895
116.532	-0.006116655
116.536	0.004716752
116.54	0.031322326
116.544	0.025746307
116.548	0.007425104
116.552	-0.020136358
116.556	-0.063310671
116.56	-0.036545783
116.564	0.039606696
116.568	0.061910769
116.572	0.027658085
116.576	0.018258511
116.58	0.025427678
116.584	0.049802844
116.588	0.063025973
116.592	0.060636251
116.596	0.030207122
116.6	-0.020454987
116.604	-0.048972338
116.608	-0.084977485
116.612	-0.097085411
116.616	-0.060124375
116.62	-0.037183043
116.624	0.029729178
116.628	0.119742045
116.632	0.088994287
116.636	-0.00165584
116.64	-0.070161208
116.644	-0.073825449
116.648	-0.021888821
116.652	-0.001815155
116.656	0.014594271
116.66	0.033871363
116.664	0.020170289
116.668	0.012204548
116.672	-0.004045562
116.676	0.018417826
116.68	0.097119342
116.684	0.088357028
116.688	0.00662853
116.692	-0.093899115
116.696	-0.175786927
116.7	-0.171963372
116.704	-0.086092689
116.708	0.021922752
116.712	0.076886361
116.716	0.064778436
116.72	0.054582288
116.724	0.082621694
116.728	0.078001565
116.732	0.07816088
116.736	0.04470477
116.74	-0.029057987
116.744	-0.079560782
116.748	-0.075737226
116.752	-0.017905951
116.756	0.058405843
116.76	0.08612662
116.764	0.003760864
116.768	-0.056141505
116.772	0.007743734
116.776	0.0321189
116.78	0.030047807
116.784	-0.01025884
116.788	-0.006435284
116.792	-0.040210024
116.796	-0.218483296
116.8	-0.154916687
116.804	0.0321189
116.808	0.060317621
116.812	0.049165584
116.816	0.034349307
116.82	0.000733882
116.824	-0.026668265
116.828	0.007106475
116.832	0.060158306
116.836	0.028613974
116.84	-0.004842136
116.844	0.024312474
116.848	0.028295344
116.852	-0.008187747
116.856	-0.032722228
116.86	-0.006116655
116.864	0.016824678
116.868	-0.012489247
116.872	-0.036386468
116.876	-0.000540636
116.88	0.0321189
116.884	0.013797697
116.888	-0.005160766
116.892	-0.034952635
116.896	-0.030013876
116.9	0.026224252
116.904	0.064141176
116.908	0.003442234
116.912	-0.165590779
116.916	0.019692345
116.92	0.200673968
116.924	0.381655592
116.928	0.188725358
116.932	-0.331756126
116.936	-0.348006236
116.94	-0.204144963
116.944	-0.013126506
116.948	0.134876952
116.952	0.147144192
116.956	0.115440545
116.96	0.01124866
116.964	-0.084340226
116.968	-0.100908966
116.972	-0.061239579
116.976	-0.013763765
116.98	0.000733882
116.984	0.019373715
116.988	0.016346734
116.992	0.020170289
116.996	0.059202417
117	0.051395992
117.004	0.013638382
117.008	0.003123604
117.012	0.018895771
117.016	0.005991271
117.02	0.000893197
117.024	0.021922752
117.028	-0.007550488
117.032	-0.023163339
117.036	0.000574567
117.04	-0.004045562
117.044	-0.006275969
117.048	0.015868789
117.052	0.009814826
117.056	-0.009143636
117.06	-0.020614302
117.064	-0.053433153
117.068	-0.092943226
117.072	-0.074144078
117.076	-0.02220745
117.08	0.045182714
117.084	0.113688082
117.088	0.104129194
117.092	0.024790418
117.096	-0.05566356
117.1	-0.080198041
117.104	-0.054070412
117.108	-0.025075117
117.112	-0.036705098
117.116	-0.048335079
117.12	0.024153159
117.124	0.035942455
117.128	-0.010736784
117.132	-0.004842136
117.136	0.028295344
117.14	0.029251233
117.144	0.006469215
117.148	0.092021268
117.152	0.064459806
117.156	0.01093003
117.16	0.058565158
117.164	0.084852102
117.168	0.078957454
117.172	0.002008401
117.176	-0.049131653
117.18	-0.085774059
117.184	-0.094377059
117.188	-0.068408745
117.192	-0.056141505
117.196	-0.025871691
117.2	-0.057097394
117.204	-0.063947931
117.208	0.0235159
117.212	0.08182512
117.216	0.059361732
117.22	-0.036545783
117.224	-0.091668707
117.228	-0.073347504
117.232	0.010452086
117.236	0.113688082
117.24	0.146188303
117.244	0.082621694
117.248	-0.002452414
117.252	-0.031288395
117.256	-0.052317949
117.26	-0.02252608
117.264	0.059043103
117.268	0.087082509
117.272	0.061751454
117.276	-0.012170617
117.28	-0.076374486
117.284	-0.051521375
117.288	-0.107759503
117.292	-0.117159077
117.296	-0.09342117
117.3	-0.038457561
117.304	0.078957454
117.308	0.101898786
117.312	0.032596844
117.316	-0.029854561
117.32	-0.05566356
117.324	-0.008028432
117.328	0.009496197
117.332	0.026224252
117.336	0.109705212
117.34	0.152242266
117.344	0.04868764
117.348	-0.079082837
117.352	-0.138188632
117.356	-0.017587321
117.36	0.189681247
117.364	0.189362617
117.368	0.007265789
117.372	-0.165909409
117.376	-0.207171945
117.38	-0.094217744
117.384	0.076886361
117.388	0.084852102
117.392	-0.103617318
117.396	-0.205897426
117.4	-0.042440431
117.404	0.215012301
117.408	0.322390483
117.412	0.14905597
117.416	-0.089597615
117.42	-0.156031891
117.424	-0.107281559
117.428	-0.034634006
117.432	0.022560011
117.436	-0.054229727
117.44	-0.095173633
117.444	-0.093899115
117.448	0.040562585
117.452	0.147781452
117.456	0.101261527
117.46	0.063981862
117.464	-0.019339784
117.468	-0.014878969
117.472	0.041996418
117.476	0.0149129
117.48	-0.005160766
117.484	-0.032562913
117.488	-0.107918818
117.492	-0.193311556
117.496	-0.14774752
117.5	-0.030491821
117.504	0.052351881
117.508	0.088834972
117.512	0.102376731
117.516	0.103651249
117.52	0.108908638
117.524	-0.017905951
117.528	-0.092624596
117.532	0.043589566
117.536	0.230306523
117.54	0.086604565
117.544	-0.121938521
117.548	0.029091918
117.552	-0.000222007
117.556	-0.101227596
117.56	-0.133090558
117.564	-0.063310671
117.568	0.021126178
117.572	0.054900918
117.576	0.171519358
117.58	0.037376288
117.584	-0.392136439
117.588	-0.426548438
117.592	-0.03543058
117.596	0.342623464
117.6	0.615051789
117.604	0.112413564
117.608	-0.36999168
117.612	-0.234255462
117.616	-0.096926096
117.62	0.056812695
117.624	0.067168158
117.628	0.041996418
117.632	0.036739029
117.636	-0.027624154
117.64	-0.053114523
117.644	-0.02284471
117.648	0.020010974
117.652	0.034189992
117.656	0.009974141
117.66	-0.049768912
117.664	-0.044511524
117.668	0.018577141
117.672	0.06923925
117.676	0.077045676
117.68	0.046138603
117.684	-0.020932932
117.688	-0.070798467
117.692	-0.032722228
117.696	0.0364204
117.7	0.091861953
117.704	0.09010949
117.708	0.05298914
117.712	-0.016472117
117.716	-0.089597615
117.72	-0.092783911
117.724	-0.082747078
117.728	-0.056938079
117.732	-0.038138931
117.736	-0.037820302
117.74	-0.03112908
117.744	0.003282919
117.748	0.081028546
117.752	0.139815711
117.756	0.120538619
117.76	0.028773289
117.764	-0.070957782
117.768	-0.1023428
117.772	-0.074462708
117.776	-0.050724801
117.78	-0.034156061
117.784	0.005672641
117.788	0.014753585
117.792	-0.000222007
117.796	-0.001177896
117.8	0.017302622
117.804	0.033712048
117.808	0.060158306
117.812	0.068442676
117.816	0.035145881
117.82	0.030047807
117.824	0.05298914
117.828	0.042952307
117.832	-0.028261413
117.836	-0.05996506
117.84	-0.023322654
117.844	-0.023641284
117.848	-0.03941345
117.852	-0.004364192
117.856	0.028773289
117.86	-0.007231858
117.864	-0.049290968
117.868	-0.057575338
117.872	-0.002771044
117.876	0.045660659
117.88	0.016028104
117.884	-0.00994021
117.888	-0.020295673
117.892	-0.012807877
117.896	0.013319752
117.9	0.025586993
117.904	0.042633677
117.908	0.05267051
117.912	0.007743734
117.916	-0.123531669
117.92	-0.101864855
117.924	0.057927899
117.928	0.073062806
117.932	0.243529652
117.936	-0.180885001
117.94	-0.504294065
117.944	0.17821058
117.948	0.264240578
117.952	0.088357028
117.956	0.017302622
117.96	-0.073028875
117.964	-0.031607024
117.968	-0.059805746
117.972	-0.036067839
117.976	0.07816088
117.98	0.033552733
117.984	0.028932604
117.988	-0.003726932
117.992	-0.084499541
117.996	-0.065381764
118	-0.033837432
118.004	0.008221678
118.008	0.048528325
118.012	0.070513769
118.016	0.093933046
118.02	0.084214842
118.024	0.025905622
118.028	-0.04307769
118.032	-0.092624596
118.036	-0.085614745
118.04	0.014434956
118.044	0.092021268
118.048	0.048846955
118.052	-0.066019023
118.056	-0.156509835
118.06	-0.14376465
118.064	-0.042121802
118.068	0.056016121
118.072	0.059839677
118.076	0.005354012
118.08	-0.048813024
118.084	-0.00962158
118.088	0.104447823
118.092	0.185220432
118.096	0.230465838
118.1	0.116237119
118.104	-0.062514097
118.108	-0.175308983
118.112	-0.172441316
118.116	-0.052477264
118.12	0.027339455
118.124	0.027658085
118.128	-0.00165584
118.132	0.027180141
118.136	0.052829825
118.14	0.0149129
118.144	-0.036067839
118.148	-0.020295673
118.152	0.026064937
118.156	0.021285493
118.16	-0.036864413
118.164	-0.076055856
118.168	-0.076374486
118.172	-0.050087542
118.176	-0.009462266
118.18	-0.032084969
118.184	-0.032881543
118.188	0.011407974
118.192	0.050599418
118.196	0.041677788
118.2	-0.024597173
118.204	-0.050884116
118.208	0.013479067
118.212	0.097756601
118.216	0.108908638
118.22	0.091702639
118.224	0.042792992
118.228	-0.01424171
118.232	-0.030332506
118.236	-0.007709803
118.24	-0.006435284
118.244	-0.038298246
118.248	-0.047219876
118.252	0.003442234
118.256	0.06095488
118.26	0.063503917
118.264	-0.161607909
118.268	-0.191718408
118.272	-0.025553061
118.276	0.256115522
118.28	0.478678311
118.284	-0.046582616
118.288	-0.519110342
118.292	-0.351351847
118.296	-0.159696131
118.3	-0.010896099
118.304	0.091543324
118.308	0.185698376
118.312	0.192548913
118.316	0.078638824
118.32	-0.003408303
118.324	-0.043555635
118.328	-0.033996746
118.332	0.01124866
118.336	0.087560454
118.34	0.127548471
118.344	0.093614416
118.348	0.018099196
118.352	-0.064903819
118.356	-0.070320523
118.36	-0.049928227
118.364	-0.050246857
118.368	-0.030173191
118.372	-0.015675543
118.376	-0.030491821
118.38	-0.04371495
118.384	-0.037183043
118.388	-0.019499099
118.392	0.003282919
118.396	0.018736456
